Radius [m]       Fe Area [frac]    Max Temp [k]    
2.6367930701e-05 5.7585712459e-01 1.8800511730e+03 
2.7574410568e-05 1.0000000000e+00 3.1772047005e+02 
2.3390844664e-05 8.3626180637e-01 2.3837052144e+03 
1.7630087896e-04 7.7038828822e-01 2.2790207779e+03 
9.0996318897e-06 6.1716196693e-01 1.7522456580e+03 
1.5449734932e-05 1.0000000000e+00 1.5625092991e+03 
5.6556573342e-05 8.1542781050e-01 2.3022160218e+03 
5.8159942428e-05 8.5801553727e-01 2.3150081448e+03 
6.3548450861e-05 7.9650947076e-01 2.2967227386e+03 
3.7916369061e-05 7.3331034473e-01 2.2102513152e+03 
2.1303767304e-05 7.3729202233e-01 2.2795847391e+03 
2.1423424399e-05 1.0000000000e+00 3.0000000000e+02 
5.1098936089e-05 8.5662327374e-01 2.3704190178e+03 
4.6090212952e-05 6.7426567234e-01 2.1572764687e+03 
8.9453111748e-05 8.6689653560e-01 2.3172827641e+03 
2.3132671721e-05 6.2783713397e-01 2.0949282222e+03 
3.1051975769e-05 8.1245585957e-01 2.3079767949e+03 
2.9039637218e-05 7.6549087083e-01 2.2886815124e+03 
3.9706397360e-05 6.7449298954e-01 2.1551073761e+03 
8.6653662502e-06 5.4223796021e-01 1.7797305395e+03 
5.9541807060e-05 8.5691329660e-01 2.3553561671e+03 
1.2281533287e-05 7.1725765787e-01 2.2704308566e+03 
4.3650604658e-06 8.0897751662e-01 2.5360769059e+03 
4.5076367732e-05 8.7124560886e-01 2.3900510571e+03 
3.5286167169e-05 6.0160983154e-01 2.0539061260e+03 
6.9781562789e-05 8.6961022200e-01 2.3478883877e+03 
5.4367387167e-05 7.1634630769e-01 2.2275674425e+03 
7.1779071881e-06 1.0000000000e+00 1.4626151250e+03 
5.0484872120e-05 8.3384276839e-01 2.3550204702e+03 
1.4145123626e-05 5.8373192627e-01 1.9720400864e+03 
4.2894848760e-06 7.4128368616e-01 2.3345744053e+03 
6.3998802437e-05 8.1553742351e-01 2.3042264823e+03 
1.1467867488e-05 7.2000229338e-01 2.2675093669e+03 
1.3100012372e-05 7.4708144854e-01 2.3039765947e+03 
6.3437433489e-05 8.5010609136e-01 2.3443368685e+03 
8.0228451638e-05 7.7500285255e-01 2.2436559082e+03 
2.5725475839e-05 7.4108456873e-01 2.2816984159e+03 
2.4739808108e-05 7.3110518018e-01 2.2761615149e+03 
6.5169321964e-06 7.2352809922e-01 2.2709066936e+03 
6.2975614743e-05 8.8658109790e-01 2.3741284018e+03 
7.4511992829e-05 7.8486195937e-01 2.2938778928e+03 
1.3707156329e-05 7.1151479199e-01 2.2611957122e+03 
1.4101153822e-05 6.5410548200e-01 1.7264011162e+03 
4.3357705216e-05 8.0303650394e-01 2.2981529262e+03 
4.0171151225e-06 7.9534106506e-01 2.5178683233e+03 
2.9154293458e-05 6.4182598815e-01 2.1250509229e+03 
1.1267887300e-05 7.0188355970e-01 2.2425642387e+03 
6.9751989069e-05 8.7515051757e-01 2.3516602300e+03 
9.6312132138e-05 8.7494356044e-01 2.3192233857e+03 
1.7753241615e-05 7.1749017767e-01 2.2643427270e+03 
4.1919497514e-05 8.2272183764e-01 2.3066812200e+03 
3.0102492579e-05 6.6357852777e-01 1.7088920694e+03 
7.4606116026e-05 8.9123901805e-01 2.3584304272e+03 
1.6795796729e-05 5.9072815147e-01 1.8389823325e+03 
4.1270634180e-05 6.4569720686e-01 2.1038893669e+03 
1.8359688010e-05 7.3366918019e-01 2.2781411043e+03 
4.1013770426e-05 8.0020934858e-01 2.2987249450e+03 
7.6468662305e-06 5.1245106314e-01 1.8974261887e+03 
5.5570225491e-06 7.1781934237e-01 2.2654688993e+03 
4.3075301051e-05 6.5766151752e-01 2.1312690924e+03 
1.9674657445e-05 6.1385956211e-01 2.0895140906e+03 
5.4283839328e-06 7.5144075595e-01 2.3804085375e+03 
1.7963071442e-05 6.0937314794e-01 2.1005173665e+03 
7.0723893591e-05 8.7466271558e-01 2.3285785737e+03 
4.1446572909e-05 1.0000000000e+00 1.5356538389e+03 
9.1800825775e-06 6.6270715254e-01 1.7170648860e+03 
1.4305938291e-05 7.1289589064e-01 2.2547682043e+03 
1.4990074142e-05 7.5934530629e-01 2.2869158113e+03 
7.5573610871e-06 1.0000000000e+00 1.5095865099e+03 
2.0093277140e-05 7.1609947643e-01 2.2595749864e+03 
3.0571785951e-05 8.0684769655e-01 2.3023995237e+03 
6.3292198164e-06 7.5452806097e-01 2.3574826874e+03 
3.8111187650e-06 7.4791671467e-01 2.3649258381e+03 
1.5013191982e-05 5.9271064213e-01 2.0987001064e+03 
2.4043276203e-05 7.1794825655e-01 2.2696987228e+03 
5.7789162613e-05 8.6580635979e-01 2.3163128030e+03 
1.6346316506e-05 7.1627053470e-01 2.2698203376e+03 
1.3239705312e-04 8.4258816341e-01 2.3139238553e+03 
8.4856386165e-05 8.8132511509e-01 2.3336617141e+03 
3.1220794360e-05 5.9422348542e-01 1.9985940484e+03 
3.3100146918e-05 8.6894522018e-01 2.4228545214e+03 
5.1253639780e-05 8.0451598102e-01 2.3019934128e+03 
7.6158708790e-06 7.7044916453e-01 2.4353204332e+03 
1.4663962894e-04 8.0151427417e-01 2.2961938980e+03 
9.0014885340e-05 8.4238018752e-01 2.3102154558e+03 
2.5111892761e-05 6.1856876348e-01 2.1283594145e+03 
1.0247023393e-05 5.6043179870e-01 1.9508149322e+03 
3.3667324443e-05 7.0642144565e-01 2.1848846950e+03 
2.7007293894e-05 7.5281942977e-01 2.3116970951e+03 
2.2510483087e-05 6.2752653671e-01 1.7480800537e+03 
7.5839726916e-05 8.6780785025e-01 2.3372536380e+03 
1.2019108912e-05 5.7692209791e-01 1.9742883982e+03 
2.5652421533e-05 6.0075666160e-01 2.1123324328e+03 
2.6044869453e-05 6.8636390918e-01 2.1861171923e+03 
9.3866383140e-05 8.3241329759e-01 2.3082211145e+03 
2.0264000935e-05 7.2108487018e-01 2.2716564825e+03 
4.2093090127e-05 8.1890663046e-01 2.3056389417e+03 
2.1207597008e-05 7.2393392423e-01 2.2739402077e+03 
1.3765699073e-05 6.9197919202e-01 2.2444327386e+03 
2.4269896944e-05 7.5544566778e-01 2.2824137194e+03 
