Mass [kg]        Velocity [m s-1]    Theta [rad]    CO2 [ frac]    
1.7473475306e-09 2.0000000000e+04 9.1339786523e-01 6.5000000000e-01 
1.6217686099e-08 1.4741540290e+04 5.5946017350e-01 6.5000000000e-01 
3.1740833973e-11 1.8274032496e+04 1.2128329212e+00 6.5000000000e-01 
2.2019299241e-11 1.4938877029e+04 4.2812758561e-01 6.5000000000e-01 
6.0600910154e-09 1.3389935372e+04 1.0870093308e+00 6.5000000000e-01 
5.3092419067e-09 1.1804714761e+04 6.3374507076e-01 6.5000000000e-01 
1.0101860294e-11 1.3927107270e+04 9.5576723565e-01 6.5000000000e-01 
9.4988325852e-10 2.0000000000e+04 9.4900061934e-01 6.5000000000e-01 
2.7925032851e-08 1.2242571362e+04 3.4281502744e-01 6.5000000000e-01 
2.3499999999e-07 1.3178220515e+04 1.0224989323e+00 6.5000000000e-01 
6.6574868641e-10 1.2502259525e+04 3.8743647261e-01 6.5000000000e-01 
2.3500000000e-07 2.0000000000e+04 2.1806038062e-01 6.5000000000e-01 
5.3609382340e-08 1.3759188882e+04 1.0245793309e+00 6.5000000000e-01 
2.8907446875e-08 1.1891341673e+04 5.2800400366e-01 6.5000000000e-01 
3.5432283486e-10 1.7182030384e+04 6.2569060903e-01 6.5000000000e-01 
5.2628277107e-09 1.7148625257e+04 4.1896492041e-01 6.5000000000e-01 
2.2754662275e-08 1.5345109198e+04 7.8844148674e-01 6.5000000000e-01 
4.2103944776e-09 1.4492120770e+04 6.1225923527e-01 6.5000000000e-01 
2.3500000000e-07 1.1343503187e+04 1.1138975916e+00 6.5000000000e-01 
2.5919662261e-10 1.2049863288e+04 2.9453357096e-01 6.5000000000e-01 
7.9648548533e-08 1.3420856922e+04 1.9657547888e-01 6.5000000000e-01 
2.3500000000e-07 1.1628978853e+04 3.5650132563e-01 6.5000000000e-01 
8.6730361227e-10 1.1880685988e+04 9.8679957257e-01 6.5000000000e-01 
1.6437054410e-11 1.5988701827e+04 1.0870477074e+00 6.5000000000e-01 
3.3493326362e-11 1.8608110337e+04 1.2478695970e+00 6.5000000000e-01 
2.3499999999e-07 1.4526329749e+04 1.0841177407e+00 6.5000000000e-01 
4.7103020915e-08 1.3056228273e+04 1.1550441610e+00 6.5000000000e-01 
2.3500000000e-07 1.2087400301e+04 7.9803583884e-01 6.5000000000e-01 
9.0921097110e-10 2.0000000000e+04 7.9626751432e-01 6.5000000000e-01 
3.5549208347e-08 1.4462053065e+04 7.7849362299e-01 6.5000000000e-01 
4.7940691537e-10 1.2495863473e+04 3.7892442765e-01 6.5000000000e-01 
1.0822689371e-08 1.2561144290e+04 5.0654261341e-01 6.5000000000e-01 
9.0688332486e-09 1.4602752786e+04 1.1458662545e+00 6.5000000000e-01 
2.7893463267e-10 1.6598340817e+04 7.3402052261e-01 6.5000000000e-01 
4.0796079865e-10 1.1273222034e+04 8.7227771696e-01 6.5000000000e-01 
6.7802787679e-09 1.2266352442e+04 4.7849491506e-01 6.5000000000e-01 
6.6588013841e-09 1.3015610890e+04 1.0813584169e+00 6.5000000000e-01 
1.9316057496e-09 1.3627335650e+04 9.9146380017e-01 6.5000000000e-01 
1.5359914876e-08 1.2299611759e+04 6.4418350816e-01 6.5000000000e-01 
5.4474776393e-09 1.4294140994e+04 1.1737322940e+00 6.5000000000e-01 
1.4288802363e-09 1.2309067231e+04 1.2086058973e+00 6.5000000000e-01 
5.6339067750e-10 1.3007536167e+04 1.1951504785e-01 6.5000000000e-01 
1.5858240378e-08 1.2494466478e+04 1.0159824242e+00 6.5000000000e-01 
2.3500000000e-07 1.3817211977e+04 5.7461354391e-01 6.5000000000e-01 
6.5269235224e-08 1.2780287451e+04 7.0340481223e-01 6.5000000000e-01 
6.7730452571e-09 1.8339183378e+04 9.1499980003e-01 6.5000000000e-01 
5.5738303248e-12 1.1895444613e+04 3.9078303882e-01 6.5000000000e-01 
3.5814558631e-11 1.1312448466e+04 1.2455226174e+00 6.5000000000e-01 
4.0009914672e-10 1.4711221493e+04 6.6289860561e-01 6.5000000000e-01 
9.9338675201e-08 1.6776857728e+04 1.2682901729e-01 6.5000000000e-01 
2.3499999999e-07 1.2371428134e+04 1.1652048759e+00 6.5000000000e-01 
2.8210204221e-10 1.2652426579e+04 4.6905883929e-01 6.5000000000e-01 
2.3499999999e-07 1.2316986275e+04 9.4830262354e-01 6.5000000000e-01 
4.2915323496e-11 1.1900326733e+04 5.3318526434e-01 6.5000000000e-01 
1.5594758828e-09 2.0000000000e+04 3.3355339099e-01 6.5000000000e-01 
2.3499999999e-07 2.0000000000e+04 5.5151520318e-01 6.5000000000e-01 
7.3513323513e-13 1.1371239067e+04 1.2151874186e+00 6.5000000000e-01 
1.0965580225e-10 1.6094430095e+04 1.8371411683e-01 6.5000000000e-01 
1.2334518636e-12 1.4450684949e+04 2.6242182420e-01 6.5000000000e-01 
3.4103520613e-10 1.3742831160e+04 3.9486106847e-01 6.5000000000e-01 
3.9105845004e-08 1.3717898873e+04 1.3138265081e+00 6.5000000000e-01 
5.4060721628e-08 1.1772688547e+04 8.2185548833e-01 6.5000000000e-01 
4.2890737523e-09 2.0000000000e+04 6.4094456144e-01 6.5000000000e-01 
1.8279349826e-09 1.2554252945e+04 1.3131431748e+00 6.5000000000e-01 
1.7820372141e-11 1.2004029217e+04 6.5620941140e-01 6.5000000000e-01 
8.6710227778e-13 1.3300967589e+04 1.0216034947e+00 6.5000000000e-01 
1.2117599809e-08 1.2339331396e+04 4.8432521400e-01 6.5000000000e-01 
7.1094837790e-08 1.2661350652e+04 1.0512005411e+00 6.5000000000e-01 
1.5839686630e-07 1.4133126855e+04 6.7930335069e-01 6.5000000000e-01 
2.2954845388e-10 1.1627753515e+04 6.5579905928e-01 6.5000000000e-01 
3.4266298807e-08 2.0000000000e+04 1.3466023862e+00 6.5000000000e-01 
2.3499999999e-07 1.4506842043e+04 7.9397425374e-01 6.5000000000e-01 
7.9943123889e-09 1.6810251372e+04 1.3224198833e+00 6.5000000000e-01 
3.3579312969e-11 1.3288402548e+04 8.4400819963e-01 6.5000000000e-01 
3.6025442362e-09 1.1670905595e+04 1.0089125805e+00 6.5000000000e-01 
5.1661744839e-10 1.6988742535e+04 1.1287039078e+00 6.5000000000e-01 
3.2844826726e-09 1.2538692453e+04 1.0665843326e-01 6.5000000000e-01 
2.2232752113e-09 1.3442113731e+04 9.5603093502e-01 6.5000000000e-01 
4.5114708167e-08 1.1874741413e+04 2.4007786659e-01 6.5000000000e-01 
3.9539807413e-08 1.1569456129e+04 7.8122018392e-01 6.5000000000e-01 
2.1609380024e-08 1.1673584751e+04 8.8703774492e-01 6.5000000000e-01 
1.2806395831e-08 2.0000000000e+04 5.1871038513e-01 6.5000000000e-01 
2.3500000000e-07 2.0000000000e+04 1.3774370916e+00 6.5000000000e-01 
2.5873580512e-10 1.1620865223e+04 8.3763836084e-01 6.5000000000e-01 
2.3500000000e-07 1.3006881631e+04 6.0731384561e-01 6.5000000000e-01 
2.3499999999e-07 1.6704510677e+04 5.7012998609e-01 6.5000000000e-01 
2.3500000000e-07 1.6110787399e+04 1.4234548806e+00 6.5000000000e-01 
6.0359368000e-11 1.1281458241e+04 1.0955918388e+00 6.5000000000e-01 
2.8556665347e-09 1.4719659322e+04 1.0123930246e+00 6.5000000000e-01 
2.3499999999e-07 2.0000000000e+04 8.4501313797e-01 6.5000000000e-01 
5.8892186230e-10 1.1440045845e+04 8.3665654487e-01 6.5000000000e-01 
1.3564927332e-08 2.0000000000e+04 1.1060121049e+00 6.5000000000e-01 
1.4084650008e-09 1.2889752294e+04 7.1532780679e-01 6.5000000000e-01 
6.3284739857e-09 1.2170367410e+04 4.6402014562e-01 6.5000000000e-01 
1.8842933096e-08 1.2538392700e+04 1.0185571267e+00 6.5000000000e-01 
3.4227742355e-11 2.0000000000e+04 9.7816897125e-01 6.5000000000e-01 
3.1548358903e-10 1.2917683060e+04 7.9423582697e-01 6.5000000000e-01 
2.3499999999e-07 1.9785779408e+04 7.1654193068e-01 6.5000000000e-01 
4.0493882027e-11 2.0000000000e+04 2.0343352183e-01 6.5000000000e-01 
2.3499999999e-07 1.3510481988e+04 1.2400279106e+00 6.5000000000e-01 
