Radius [m]       Fe Area [frac]    Max Temp [k]    
2.3603141869e-05 5.0144147903e-01 1.8497889846e+03 
4.5161336969e-06 6.8252327246e-01 2.3503581081e+03 
6.0278869413e-05 8.2272128132e-01 2.3877808665e+03 
1.0174338417e-05 1.0000000000e+00 1.3541944033e+03 
7.8406649266e-06 1.0000000000e+00 1.2292071441e+03 
8.6835918544e-05 8.3339457370e-01 2.3578523761e+03 
3.6690897707e-05 5.5866097105e-01 2.0528085172e+03 
4.0978620371e-06 7.0850316575e-01 2.3983034419e+03 
2.9676327969e-05 5.9851620133e-01 1.7052666890e+03 
2.0788918366e-05 7.6567931235e-01 2.3623354233e+03 
1.6244113021e-05 4.9476157789e-01 1.7381480549e+03 
6.3343065947e-05 6.1229300555e-01 2.1558283059e+03 
8.3461372853e-06 7.5421969219e-01 2.4909598415e+03 
8.9773019996e-06 4.6472979055e-01 1.9516700888e+03 
6.6655313397e-05 5.7225999326e-01 2.0965171044e+03 
9.7443278168e-06 5.6318909180e-01 1.7244120363e+03 
5.6042518134e-05 8.2115402084e-01 2.3657140224e+03 
1.0334809632e-05 5.6149075060e-01 1.7264957908e+03 
6.5838121691e-05 8.0642496210e-01 2.3514976540e+03 
7.5442387325e-05 7.0671939851e-01 2.2944798713e+03 
5.7705031334e-05 6.4609098416e-01 2.2923489770e+03 
6.8737748150e-05 8.5026593119e-01 2.3941321581e+03 
2.1455009015e-05 7.6025439238e-01 2.3462990151e+03 
1.8194902003e-05 5.6107858281e-01 2.1515598414e+03 
5.2995533604e-06 1.0000000000e+00 1.4286322681e+03 
7.3151634113e-06 7.3643859732e-01 2.4791317528e+03 
4.5068321536e-05 7.8724160979e-01 2.3500585468e+03 
3.3603684587e-05 7.8308112545e-01 2.4034391288e+03 
8.4144267629e-06 4.6683529071e-01 1.7626498476e+03 
2.7463282980e-05 5.5862567485e-01 2.0576527218e+03 
4.2171091497e-05 7.6276196561e-01 2.3376937455e+03 
1.2658418442e-05 1.0000000000e+00 1.4962823903e+03 
7.8621870882e-06 1.0000000000e+00 1.3437664020e+03 
1.5281295762e-05 6.6653476284e-01 2.2914051845e+03 
5.7430951651e-05 8.3102581640e-01 2.3983321980e+03 
1.1855361649e-04 8.1937016182e-01 2.3547190590e+03 
5.8235698117e-05 1.0000000000e+00 3.9301867265e+02 
3.2300541411e-05 4.8759962628e-01 1.8610107030e+03 
4.6529447262e-05 8.2442604720e-01 2.4131818030e+03 
1.8039712465e-05 6.4084571452e-01 2.2576982012e+03 
6.5683181128e-05 8.1883751459e-01 2.3770016553e+03 
7.9219934774e-05 5.6348893193e-01 2.0713585499e+03 
3.4466919395e-05 1.0000000000e+00 1.5091289278e+03 
4.9360258784e-05 6.9165704629e-01 2.2667014024e+03 
4.1841090819e-05 7.4230523076e-01 2.3279702669e+03 
1.2793213074e-05 6.4108091584e-01 2.2956089159e+03 
2.8019619393e-05 6.9936602365e-01 2.2951562574e+03 
2.5464576074e-05 1.0000000000e+00 5.3451175783e+02 
1.7566270407e-04 1.0000000000e+00 6.9205831542e+02 
2.6940192213e-05 7.5675617006e-01 2.3310846062e+03 
2.5445726822e-05 1.0000000000e+00 1.2868880809e+03 
3.8709645836e-05 8.0587266369e-01 2.4151711922e+03 
4.9262360905e-06 6.5575413819e-01 2.3001728947e+03 
2.1439885797e-05 8.0436711158e-01 2.4613807565e+03 
3.7172148068e-05 7.7242759271e-01 2.3389666303e+03 
2.6656996840e-05 5.6377626795e-01 2.1273654651e+03 
8.9229873223e-05 8.5688780759e-01 2.3691819856e+03 
8.6202733094e-05 7.0770313010e-01 2.3179509434e+03 
3.8437615959e-05 6.0443622760e-01 2.1831670105e+03 
2.2155303770e-05 1.0000000000e+00 1.3369509519e+03 
3.7979949803e-05 5.8877409384e-01 2.1212875913e+03 
4.5250638222e-05 5.5301378366e-01 2.0128350836e+03 
3.8081930833e-05 8.0533075524e-01 2.4038371049e+03 
6.6196657977e-05 7.8062195676e-01 2.3404988400e+03 
1.0536288543e-05 1.0000000000e+00 1.5533626427e+03 
7.0546309561e-06 1.0000000000e+00 1.4698611142e+03 
1.5544271171e-05 7.1912460049e-01 2.3190882361e+03 
2.0420560329e-05 5.5301292550e-01 2.1182629626e+03 
1.7356084154e-04 7.4917692653e-01 2.3248751319e+03 
3.3727074956e-06 1.0000000000e+00 1.1781370647e+03 
1.5259579822e-05 7.6917516068e-01 2.4507322044e+03 
4.9735531995e-05 7.7562048513e-01 2.3587247410e+03 
3.7228439888e-05 7.3236601384e-01 2.3311788964e+03 
3.0605533786e-05 7.4441141385e-01 2.3311429674e+03 
7.9520716669e-06 1.0000000000e+00 1.5579769907e+03 
3.6595724008e-05 5.3725355632e-01 1.9653132139e+03 
8.4408878605e-05 7.9892847574e-01 2.3456545029e+03 
3.4304204576e-05 6.3067509153e-01 2.1854221176e+03 
3.6862126136e-05 7.2976860514e-01 2.3215993250e+03 
4.1346993918e-06 7.0681229553e-01 2.3977734646e+03 
1.9089576857e-05 6.8098256674e-01 2.3093681495e+03 
2.7223025954e-05 7.7036452909e-01 2.3448884170e+03 
8.7583771740e-06 7.1918477718e-01 2.3722136307e+03 
3.3715852789e-05 6.5537420303e-01 2.2994018154e+03 
8.1598854720e-05 7.4353320728e-01 2.3187272025e+03 
3.4695293529e-05 7.5657701971e-01 2.3770521078e+03 
3.6705328757e-05 7.3387131950e-01 2.3215198066e+03 
9.0426912561e-06 1.0000000000e+00 1.5580867520e+03 
5.4045043708e-06 6.2950865960e-01 2.2890240800e+03 
4.1852550044e-05 5.9070835028e-01 2.1677173950e+03 
5.7576462983e-05 7.5898455504e-01 2.3368334253e+03 
2.5544729521e-05 5.9377031239e-01 2.2003995153e+03 
1.5755413173e-05 7.8635395727e-01 2.4468793324e+03 
4.4601775303e-05 5.2433823697e-01 2.0853613858e+03 
3.0784906848e-05 7.7722970708e-01 2.3586947253e+03 
6.9162511817e-06 7.3606691814e-01 2.4696738035e+03 
5.6147272547e-06 4.6578463396e-01 1.8500819650e+03 
7.4620618096e-05 7.4780119296e-01 2.3200774178e+03 
1.1293356473e-05 6.3971210231e-01 2.2948689146e+03 
6.5722428545e-06 1.0000000000e+00 1.3254332782e+03 
