Mass [kg]        Velocity [m s-1]    Theta [rad]    CO2 [ frac]    
5.2675819084e-09 1.7893775212e+04 3.9191834717e-01 8.5000000000e-01 
3.0365218991e-11 1.1826946541e+04 1.1445553441e+00 8.5000000000e-01 
1.5550414810e-11 1.4053022064e+04 1.0477594022e+00 8.5000000000e-01 
2.5274443317e-09 1.5765141135e+04 5.8428351763e-01 8.5000000000e-01 
1.0420182914e-07 1.3700799911e+04 4.3752876998e-01 8.5000000000e-01 
1.8195012970e-10 1.1468125582e+04 1.3023194998e+00 8.5000000000e-01 
6.4970243459e-11 1.1553424954e+04 8.1874685143e-01 8.5000000000e-01 
1.2805354493e-08 1.6291113468e+04 1.1110285111e-01 8.5000000000e-01 
6.6914631926e-08 1.2226122552e+04 1.1155942125e+00 8.5000000000e-01 
5.3860590364e-10 1.2072156269e+04 3.5481379838e-01 8.5000000000e-01 
2.1382141587e-09 1.7951789022e+04 9.2138643414e-01 8.5000000000e-01 
2.3500000000e-07 1.1377013773e+04 5.2209201722e-01 8.5000000000e-01 
6.1665667718e-09 1.2816766547e+04 9.4190718331e-01 8.5000000000e-01 
3.5742341675e-09 1.5992544984e+04 1.4314274183e+00 8.5000000000e-01 
1.7055615028e-08 1.3426628494e+04 1.0085773120e+00 8.5000000000e-01 
2.3500000000e-07 1.2295070905e+04 7.6609002258e-01 8.5000000000e-01 
1.1147518699e-07 2.0000000000e+04 7.7129890421e-01 8.5000000000e-01 
3.4492986384e-09 1.4248534089e+04 3.1282119370e-01 8.5000000000e-01 
2.3499999999e-07 1.3880361148e+04 1.0688388555e+00 8.5000000000e-01 
2.3500000000e-07 1.1523286084e+04 8.2338958599e-01 8.5000000000e-01 
2.3499999999e-07 1.8379780723e+04 1.1823052310e+00 8.5000000000e-01 
9.3875578796e-10 1.2118480580e+04 6.1238017623e-01 8.5000000000e-01 
5.3617077165e-08 1.2690514158e+04 6.3201070137e-02 8.5000000000e-01 
1.8254697844e-09 1.1844396551e+04 1.0497179386e+00 8.5000000000e-01 
1.5537831518e-09 1.7088582044e+04 5.9886500570e-01 8.5000000000e-01 
1.5121813933e-08 2.0000000000e+04 6.8295789581e-01 8.5000000000e-01 
1.0483702391e-11 1.5645901645e+04 2.8088547429e-01 8.5000000000e-01 
2.3499999999e-07 1.1414540282e+04 6.1467362306e-01 8.5000000000e-01 
2.6303049318e-08 1.1518355631e+04 8.6573269334e-01 8.5000000000e-01 
5.1699562556e-11 1.1803367135e+04 5.1838360240e-01 8.5000000000e-01 
1.2590517964e-07 1.2059215362e+04 3.3714295191e-01 8.5000000000e-01 
1.6163668464e-10 1.9068669190e+04 1.0107257949e+00 8.5000000000e-01 
1.1509858386e-08 1.5367769708e+04 1.1394520628e+00 8.5000000000e-01 
1.2363459196e-07 1.1439054628e+04 5.2246198234e-01 8.5000000000e-01 
1.4260490621e-09 1.8435868505e+04 2.8913168263e-01 8.5000000000e-01 
1.0125443585e-08 1.5706150007e+04 9.0183353619e-01 8.5000000000e-01 
2.3500000000e-07 1.1735207573e+04 9.4311149637e-01 8.5000000000e-01 
2.4743496047e-11 1.2096406439e+04 6.2973647383e-01 8.5000000000e-01 
1.8888092657e-07 2.0000000000e+04 3.8319547394e-02 8.5000000000e-01 
3.2012220229e-09 1.8847779679e+04 1.1350302048e+00 8.5000000000e-01 
7.6839344713e-09 1.1421314033e+04 2.1745889068e-01 8.5000000000e-01 
1.8172978889e-09 1.3023267745e+04 1.1021681153e+00 8.5000000000e-01 
8.1449067036e-09 1.1872089423e+04 1.2416341004e+00 8.5000000000e-01 
3.2531821932e-09 1.1854030815e+04 2.5791902596e-01 8.5000000000e-01 
1.0201905791e-07 1.3071999904e+04 3.7465719548e-01 8.5000000000e-01 
3.6301419235e-10 1.1407505303e+04 1.1826066931e+00 8.5000000000e-01 
2.3500000000e-07 1.2822097729e+04 9.4008845818e-01 8.5000000000e-01 
2.3500000000e-07 1.1869267493e+04 1.1643093005e+00 8.5000000000e-01 
2.3500000000e-07 1.1962594429e+04 1.4773235646e+00 8.5000000000e-01 
9.4838446674e-09 2.0000000000e+04 3.7922180587e-01 8.5000000000e-01 
2.3500000000e-07 1.3169975308e+04 1.1529382263e+00 8.5000000000e-01 
2.3499999999e-07 1.2578249654e+04 8.7036281894e-01 8.5000000000e-01 
1.9942793108e-08 1.1256795312e+04 1.0427363695e+00 8.5000000000e-01 
1.0638828430e-10 1.5215302522e+04 6.7961382383e-01 8.5000000000e-01 
2.3499999999e-07 1.2115734423e+04 8.2237093081e-01 8.5000000000e-01 
1.0916059180e-11 2.0000000000e+04 8.4327221467e-01 8.5000000000e-01 
1.3372498895e-09 1.2040567702e+04 8.7525690683e-01 8.5000000000e-01 
2.4747628270e-09 1.1491621468e+04 3.1303075708e-01 8.5000000000e-01 
1.5060394717e-08 1.1205663390e+04 5.4328593206e-01 8.5000000000e-01 
5.7392053961e-08 1.7526002826e+04 7.1991118577e-01 8.5000000000e-01 
4.7744590428e-09 1.9747660095e+04 9.0878966311e-01 8.5000000000e-01 
2.7411220908e-10 1.1685070133e+04 7.7718740238e-01 8.5000000000e-01 
1.1373431241e-09 1.4974957512e+04 4.3001642482e-01 8.5000000000e-01 
1.5950926660e-08 2.0000000000e+04 9.6845514021e-01 8.5000000000e-01 
7.4041550768e-11 1.1622539946e+04 1.1261191860e+00 8.5000000000e-01 
1.5334303650e-07 1.2521722831e+04 6.5478576789e-01 8.5000000000e-01 
1.1450892657e-09 1.2074666966e+04 5.4492051158e-01 8.5000000000e-01 
2.3499999999e-07 1.1301554388e+04 2.7787705761e-02 8.5000000000e-01 
4.2342754538e-09 2.0000000000e+04 1.0448148308e+00 8.5000000000e-01 
5.3469509123e-10 1.2987083239e+04 3.5199182952e-01 8.5000000000e-01 
1.4257416982e-10 1.1245686061e+04 3.8231194435e-01 8.5000000000e-01 
1.7702155088e-07 1.4290921126e+04 8.7962078423e-01 8.5000000000e-01 
4.5344064731e-10 1.1483006067e+04 5.6507577483e-01 8.5000000000e-01 
1.9995618822e-10 1.1361442317e+04 5.4048509934e-01 8.5000000000e-01 
2.4869111832e-10 1.3808881399e+04 3.0593787390e-01 8.5000000000e-01 
4.8159889562e-08 1.4676315588e+04 9.2010207577e-01 8.5000000000e-01 
1.1075209614e-10 1.1892964154e+04 1.2715822797e+00 8.5000000000e-01 
9.2200565299e-11 1.2411545040e+04 5.2008709281e-01 8.5000000000e-01 
2.4223464303e-12 1.2278987072e+04 5.2308313755e-01 8.5000000000e-01 
1.3221471791e-11 1.4209237200e+04 9.1036458232e-01 8.5000000000e-01 
4.6397607343e-10 1.4308900757e+04 1.0553783763e+00 8.5000000000e-01 
3.1204637805e-08 1.2893677503e+04 5.2032428248e-01 8.5000000000e-01 
3.3356364020e-10 1.3560918399e+04 1.1899494124e+00 8.5000000000e-01 
1.0472824692e-07 1.1377178596e+04 7.7959216795e-01 8.5000000000e-01 
2.3286840443e-10 1.8760059924e+04 1.0702838234e+00 8.5000000000e-01 
2.5482924448e-08 1.4319811603e+04 8.4888662656e-01 8.5000000000e-01 
1.4380956209e-09 1.3501587460e+04 1.0711273986e+00 8.5000000000e-01 
2.3499999999e-07 1.5615273365e+04 9.1656933431e-02 8.5000000000e-01 
2.3022596712e-09 1.2077394135e+04 9.7184285227e-01 8.5000000000e-01 
7.1413885049e-08 1.6961064067e+04 3.7488364689e-01 8.5000000000e-01 
3.2563388908e-09 1.2143009430e+04 6.8622757305e-01 8.5000000000e-01 
4.3086586835e-11 1.1538636765e+04 1.4235175589e+00 8.5000000000e-01 
5.5533210528e-11 1.2166619456e+04 9.2368080677e-01 8.5000000000e-01 
8.7213063215e-11 1.4737973498e+04 1.2911316558e+00 8.5000000000e-01 
4.2561847874e-10 1.2249446679e+04 1.3086362572e+00 8.5000000000e-01 
2.3499999999e-07 1.4839787915e+04 1.2064781523e+00 8.5000000000e-01 
6.1580585035e-09 1.2013952632e+04 1.0186580865e+00 8.5000000000e-01 
2.3499999999e-07 1.2015512650e+04 6.6378740527e-01 8.5000000000e-01 
1.2151201959e-08 1.5316073276e+04 9.2233628921e-01 8.5000000000e-01 
1.0840639229e-11 1.1246183399e+04 5.6893810416e-01 8.5000000000e-01 
