Radius [m]       Fe Area [frac]    Max Temp [k]    
8.9607953676e-06 1.0000000000e+00 1.4648291632e+03 
5.3421742459e-05 8.0331787809e-01 2.3348352805e+03 
4.7030098082e-05 7.8200859373e-01 2.2305194178e+03 
3.8687883954e-05 7.9462074819e-01 2.2743529529e+03 
1.1575935316e-05 7.0757349357e-01 1.7540804966e+03 
5.1894194729e-05 8.0272199294e-01 2.2659512667e+03 
2.2348335813e-05 8.0701586067e-01 2.3985472133e+03 
7.1319852428e-06 1.0000000000e+00 1.4274160433e+03 
9.8702516668e-05 8.3622215581e-01 2.2934957042e+03 
4.6669346068e-06 8.1335159162e-01 2.5367539111e+03 
1.7173452259e-05 7.7422237093e-01 2.2064781437e+03 
5.5486583410e-06 8.1323847907e-01 2.4524980918e+03 
2.9033622139e-05 7.9960796074e-01 2.3102599595e+03 
7.4057412922e-05 7.5151282399e-01 2.1608308747e+03 
3.9946765683e-06 7.9166556644e-01 2.2331848910e+03 
5.4106863743e-05 8.5424854290e-01 2.3918112763e+03 
1.5077327017e-05 7.8062893909e-01 2.2248194271e+03 
4.1891908177e-05 7.5602297321e-01 2.1779986783e+03 
2.6251046342e-05 6.8141456499e-01 2.0108420533e+03 
1.4276372370e-05 7.7684333050e-01 2.2174176347e+03 
6.6648114303e-05 7.8511165104e-01 2.2559771828e+03 
3.2850156937e-05 8.2968983791e-01 2.3926244898e+03 
3.2803495945e-05 7.8018699954e-01 2.2443304328e+03 
5.5109007750e-05 7.8134148091e-01 2.2504783532e+03 
1.5401304324e-05 6.7790683576e-01 2.0391331284e+03 
5.8050464084e-05 7.2814312351e-01 2.1388836412e+03 
2.1615203571e-05 7.0253661920e-01 2.0895674746e+03 
1.7314643594e-05 6.7838077611e-01 1.9811863541e+03 
6.8182233669e-05 8.3011519522e-01 2.3449179176e+03 
4.3163078529e-05 7.9334762754e-01 2.2575598941e+03 
3.6773313795e-05 7.9989496666e-01 2.2668186933e+03 
2.8695492176e-05 7.9911045801e-01 2.2977803510e+03 
3.0724065517e-05 8.0374454197e-01 2.3257889534e+03 
8.0346512910e-05 8.5913786921e-01 2.3524015872e+03 
4.2311383475e-05 7.6828600219e-01 2.1777192206e+03 
3.9859536702e-06 8.1372921009e-01 2.5249224187e+03 
6.8941810078e-05 7.7682314862e-01 2.2412583819e+03 
8.0519767235e-06 8.1382821228e-01 2.4533343287e+03 
3.9573284455e-05 8.0380810225e-01 2.3057152997e+03 
2.1681962273e-05 7.8264390560e-01 2.2291488226e+03 
5.2375051856e-05 7.7454534523e-01 2.2357338491e+03 
5.6114996460e-05 7.7649724720e-01 2.2410932740e+03 
2.1998814430e-05 7.7613866719e-01 2.2218362249e+03 
2.8675269960e-05 7.9174344013e-01 2.2398921797e+03 
8.4871262300e-05 8.1409069749e-01 2.2795038943e+03 
7.8988633839e-05 8.4093995404e-01 2.3377692491e+03 
2.3660597179e-05 6.9238321706e-01 2.0064652515e+03 
7.8504992791e-05 8.5347171504e-01 2.3492437438e+03 
9.0366118752e-06 1.0000000000e+00 1.4744819786e+03 
4.0755567576e-06 8.0439021575e-01 2.3062388057e+03 
2.6255270518e-05 8.0141641147e-01 2.2978591539e+03 
2.0162389054e-05 7.8611467692e-01 2.2334500313e+03 
2.1832454967e-05 7.7773334191e-01 2.2257734161e+03 
7.1943401755e-05 8.6201696925e-01 2.3680421807e+03 
1.8489618562e-04 7.7372901966e-01 2.2355142473e+03 
3.3853845315e-05 7.7424533703e-01 2.2106172534e+03 
2.3722472649e-05 8.0456894893e-01 2.3679282642e+03 
3.0207604333e-05 6.8107229101e-01 1.9516550819e+03 
3.5888964305e-06 8.1329140708e-01 2.4614684888e+03 
2.9701793826e-05 7.7749378648e-01 2.2406461013e+03 
6.3682834810e-05 6.9261775408e-01 1.9079610371e+03 
7.9608483238e-05 6.7466214348e-01 1.9858202391e+03 
4.0509582981e-05 7.9080825909e-01 2.2579941970e+03 
2.7066263343e-05 8.3273948981e-01 2.4358437114e+03 
2.3169789077e-05 7.8524016536e-01 2.2395918291e+03 
3.4272380785e-05 7.9808887516e-01 2.2848599995e+03 
4.5158789060e-06 7.3822914101e-01 1.6875799668e+03 
8.4265553994e-06 1.0000000000e+00 1.5780243986e+03 
7.5742471944e-05 8.3255606524e-01 2.3188773109e+03 
6.0670708198e-05 6.9308242581e-01 1.9465827557e+03 
3.3487552989e-05 6.9873633144e-01 2.0526910282e+03 
7.6033102514e-06 8.4208054506e-01 1.6630381809e+03 
3.5612772732e-05 7.8185877937e-01 2.2483467710e+03 
2.1226295341e-05 8.2512307037e-01 2.4606158341e+03 
1.7602349894e-05 8.0164800394e-01 2.3287999167e+03 
5.9807214803e-05 7.7391241469e-01 2.2321042601e+03 
1.7833027273e-05 7.1241055433e-01 2.1084225900e+03 
5.2687051727e-05 8.1442213808e-01 2.3539024388e+03 
5.7080033982e-06 1.0000000000e+00 1.4553207541e+03 
2.0551174704e-05 8.1884220299e-01 2.4449262277e+03 
8.6908137048e-05 7.4269669878e-01 1.7308103380e+03 
2.1314071931e-05 7.9336318638e-01 1.6851016510e+03 
4.5469252113e-05 7.1767365812e-01 2.1180270857e+03 
3.5985170102e-05 7.7046428605e-01 2.2156490003e+03 
6.3440731980e-05 7.9107651904e-01 2.2517677753e+03 
9.1989311912e-06 1.0000000000e+00 1.4666243002e+03 
9.2703882360e-06 7.0833219211e-01 1.7712448076e+03 
4.5628604252e-06 8.1365923177e-01 2.5348069962e+03 
2.3173978107e-05 6.9056196012e-01 2.0010933679e+03 
7.3683801430e-05 7.9726378200e-01 2.2953368542e+03 
3.4710586907e-05 8.3755224064e-01 2.4186383733e+03 
4.6563485027e-05 7.9376423462e-01 2.2570992222e+03 
6.7527971160e-06 8.1388238067e-01 2.4813926264e+03 
7.0258684037e-05 8.2108320530e-01 2.3336837779e+03 
3.2109989044e-05 7.1664747424e-01 2.1164410518e+03 
7.6638005376e-05 8.5253139932e-01 2.3516325223e+03 
5.9584467253e-06 7.8211837086e-01 2.2063862857e+03 
1.4550820404e-05 7.8154321452e-01 2.2124244197e+03 
2.4502343440e-05 6.9303305231e-01 2.0542714425e+03 
4.7053518260e-06 1.0000000000e+00 1.4677429375e+03 
4.7488298784e-05 7.9341204582e-01 2.2593181199e+03 
3.6755243776e-05 7.9656044411e-01 2.2916102500e+03 
2.7899359335e-05 7.0994376741e-01 2.0981447874e+03 
4.3835267498e-05 7.8287021344e-01 2.2537186586e+03 
4.5226091489e-06 7.9338336246e-01 2.2438818689e+03 
4.1114127357e-05 7.0321239798e-01 2.0979049877e+03 
9.7513573865e-06 6.7794382388e-01 1.8248701840e+03 
1.4833336165e-05 6.8947927427e-01 1.8633350783e+03 
7.3258771294e-06 1.0000000000e+00 1.4051144469e+03 
1.9871392499e-05 7.1146632368e-01 2.1048869243e+03 
7.0904399029e-05 8.1193627966e-01 2.2751018801e+03 
6.1381884957e-06 1.0000000000e+00 1.4217540139e+03 
6.6921632559e-05 8.5914920417e-01 2.3737078599e+03 
1.6600781417e-05 7.1811310455e-01 2.1214252187e+03 
3.5588267374e-05 7.8089230585e-01 2.2310086142e+03 
4.7923244895e-05 8.1204301560e-01 2.2875650998e+03 
2.5795793334e-05 7.8731656504e-01 2.2458602945e+03 
3.0845043158e-05 7.8841952511e-01 2.2531086561e+03 
1.5108970084e-05 6.9241300064e-01 1.8368036308e+03 
2.2956911659e-05 7.8393259865e-01 2.2301020698e+03 
1.3681891209e-05 8.1255805344e-01 2.4846190413e+03 
6.2828142069e-05 6.9256859296e-01 2.0358018927e+03 
3.4857819318e-06 8.1242104686e-01 2.4418068721e+03 
8.3080571448e-06 1.0000000000e+00 1.5276458716e+03 
7.6847513901e-06 1.0000000000e+00 1.1918321896e+03 
3.7205178153e-05 6.9542888566e-01 2.0651027689e+03 
6.3055710658e-06 8.0626791342e-01 2.3174477711e+03 
8.3605231799e-05 8.0697720348e-01 2.3008777133e+03 
1.3973986764e-05 7.7701946205e-01 2.2169200689e+03 
8.3677883300e-06 8.0539355404e-01 2.3286753111e+03 
9.4947089395e-05 8.0369362517e-01 2.2646265530e+03 
4.4349315436e-05 7.7511218708e-01 2.2384136212e+03 
1.0030496530e-05 8.0107480807e-01 2.2806979840e+03 
1.6786947319e-05 1.0000000000e+00 3.8821046464e+02 
2.8131524452e-05 6.9525985823e-01 2.0354381834e+03 
1.7481895067e-05 7.9691158465e-01 2.2511322200e+03 
2.3586812057e-05 1.0000000000e+00 1.5565010064e+03 
1.3168305245e-05 6.7734277079e-01 1.9574690856e+03 
3.8908190646e-05 7.9573541009e-01 2.2810749473e+03 
7.5090214760e-06 1.0000000000e+00 1.4886619211e+03 
1.5098035228e-05 8.0175508817e-01 2.3041712531e+03 
5.5529818557e-05 8.1027223874e-01 2.2663384937e+03 
5.2867628712e-06 7.9688158278e-01 2.2626302650e+03 
3.9511216099e-05 7.3947869107e-01 1.7343302083e+03 
4.9180529121e-05 7.0447267683e-01 1.7883840931e+03 
2.4886799692e-05 6.9065136797e-01 1.8163362361e+03 
8.2563724312e-06 8.0095393214e-01 2.2738191659e+03 
5.3273793594e-05 7.9371845102e-01 2.2654696630e+03 
8.6896953071e-05 8.3747690342e-01 2.3229067308e+03 
4.9638237771e-05 8.3795086054e-01 2.3495445751e+03 
9.4748175608e-06 1.0000000000e+00 1.5956294277e+03 
5.1729516645e-05 7.9248320713e-01 2.2620396712e+03 
2.1915402474e-05 7.7116597507e-01 2.2037495461e+03 
1.5417487095e-05 7.9060527668e-01 2.2348196730e+03 
9.6239138317e-06 6.6799668926e-01 2.0361100978e+03 
9.1944810023e-05 8.5041317721e-01 2.3281213516e+03 
5.8321829495e-06 7.8317661440e-01 2.2072467162e+03 
1.4752318433e-05 1.0000000000e+00 1.6028469293e+03 
8.1200933950e-05 7.7886249638e-01 2.2362792823e+03 
6.6591781182e-05 6.8793767517e-01 1.9439012717e+03 
8.8463285735e-05 7.7220736345e-01 2.2289613190e+03 
1.5316498559e-05 8.1651968567e-01 2.4904040925e+03 
2.1073194655e-05 8.0573627557e-01 2.3574268450e+03 
2.2142969801e-05 7.2011015466e-01 2.1222833912e+03 
6.9583549915e-05 8.4495530224e-01 2.3553865316e+03 
9.3075015467e-05 8.6234509297e-01 2.3365428108e+03 
5.7853843477e-06 8.1373845107e-01 2.4942989761e+03 
2.3351718585e-05 7.8903762025e-01 2.2449877515e+03 
3.8710603492e-05 8.2626889815e-01 2.3902043419e+03 
9.1261479520e-06 7.9469969976e-01 2.2362003965e+03 
8.4149158652e-05 8.5294333555e-01 2.3408325569e+03 
2.0928328280e-06 1.0000000000e+00 1.0975166994e+03 
1.8387151060e-05 6.9390843038e-01 1.9059798988e+03 
4.5136249828e-06 1.0000000000e+00 1.1218423234e+03 
3.0718639755e-05 7.9952153454e-01 2.3040078055e+03 
4.3582944128e-05 7.7420552610e-01 2.2364673813e+03 
2.2192838156e-05 7.9865032016e-01 2.3077086518e+03 
9.4642241343e-06 8.0062449867e-01 2.2852128466e+03 
1.7481120378e-05 7.9988725636e-01 2.2950393263e+03 
2.3322032616e-05 6.8313055868e-01 1.9898440275e+03 
1.0480012383e-05 7.9637999815e-01 2.2515564799e+03 
4.3537398917e-05 7.7162169453e-01 2.2074000471e+03 
2.7987029697e-05 7.1486770815e-01 2.1115373041e+03 
4.4324088342e-06 8.1331776981e-01 2.5133876346e+03 
2.6129435438e-05 7.7765013735e-01 2.2292539195e+03 
2.6729825637e-05 7.7907133689e-01 2.2335932661e+03 
3.2374202010e-05 8.1249427303e-01 2.3887139621e+03 
2.6299306852e-05 7.7463358592e-01 2.2157540060e+03 
1.7184135898e-05 8.0347178518e-01 2.3573300734e+03 
2.8147741472e-05 6.8598421606e-01 1.8590373787e+03 
1.4447809443e-05 1.0000000000e+00 1.5833018573e+03 
1.2123647957e-04 7.9970580817e-01 2.2600708957e+03 
2.8724369700e-05 7.1579418829e-01 1.7689491265e+03 
1.1172760958e-05 1.0000000000e+00 1.3838236249e+03 
4.4145431584e-05 7.8137246687e-01 2.2502823599e+03 
4.1442794241e-05 7.9185479738e-01 2.2586166925e+03 
1.4038766733e-05 7.6972730175e-01 2.1972239804e+03 
1.8395346998e-05 8.0805985234e-01 2.3883770370e+03 
1.6302468642e-05 8.0369834850e-01 2.3600647308e+03 
2.2208851081e-05 7.8120299709e-01 2.2246291402e+03 
5.0478581253e-05 7.8567505526e-01 2.2560214805e+03 
6.9512871953e-06 8.1124217979e-01 2.4980557223e+03 
9.8087483887e-05 8.5149237797e-01 2.3206703709e+03 
1.0067955964e-04 8.1342562538e-01 2.2665154264e+03 
6.2572001551e-05 8.2845672270e-01 2.3523561034e+03 
3.3598888789e-05 7.8075430619e-01 2.2404293801e+03 
3.0580229155e-05 7.7938348786e-01 2.2356089370e+03 
2.3490429381e-05 6.9477707605e-01 1.8739515736e+03 
3.8799505300e-05 8.3770022229e-01 2.4087706956e+03 
3.9061727267e-06 8.1030241243e-01 2.3572717097e+03 
2.0012149456e-04 1.0000000000e+00 3.0000000000e+02 
6.9884257726e-05 8.2353527533e-01 2.2779576941e+03 
2.0750870940e-05 6.8735697923e-01 1.8895134926e+03 
9.0645345051e-05 8.6466793430e-01 2.3416102615e+03 
6.1101406381e-05 8.3207369742e-01 2.3200125911e+03 
8.7418823361e-05 8.2425238785e-01 2.3131340350e+03 
6.2738540264e-06 8.0842603358e-01 2.3660339030e+03 
7.7245537640e-05 8.5076409792e-01 2.3490474294e+03 
2.0806466381e-05 8.0121066671e-01 2.3318195117e+03 
5.8882723679e-05 7.9783308822e-01 2.2609230406e+03 
1.8118885015e-05 7.8233924196e-01 2.2225802032e+03 
6.6672542736e-05 8.4333182080e-01 2.3113135015e+03 
6.6269199845e-05 7.8074700826e-01 2.2448869782e+03 
1.3343329242e-05 7.9623641546e-01 2.2623480752e+03 
2.6910194341e-05 7.9650816088e-01 2.2797687052e+03 
4.5880708325e-05 8.2069645936e-01 2.3738296464e+03 
7.6620891410e-05 7.8084720059e-01 2.2516176892e+03 
1.1580877528e-05 6.9130406434e-01 1.8125223436e+03 
2.3762243094e-05 7.8423331166e-01 2.2429511482e+03 
1.7543523569e-05 7.8727454217e-01 2.2330168273e+03 
5.4786407265e-06 8.0668345296e-01 2.3244584424e+03 
1.0854240729e-04 8.3580953189e-01 2.2965298078e+03 
3.9544105195e-05 7.8601003684e-01 2.2539714345e+03 
1.3795983822e-05 7.9415360883e-01 2.2479550599e+03 
6.8546616579e-05 8.0644037463e-01 2.2642425985e+03 
4.3479792367e-06 8.0716042091e-01 2.3244455606e+03 
1.3286051507e-05 8.0258710827e-01 2.3443613110e+03 
5.6454141294e-05 7.9188517469e-01 2.2559984728e+03 
1.7903692101e-05 7.9705626125e-01 2.2856175470e+03 
6.1050507326e-06 8.1394397832e-01 2.4951441773e+03 
1.0555367228e-05 6.9007133643e-01 1.8180981203e+03 
2.6566224945e-05 7.7543863990e-01 2.2319763125e+03 
1.1264053598e-05 7.7593418822e-01 2.2111316744e+03 
1.1203022126e-04 8.2757947328e-01 2.2864119725e+03 
3.1080865022e-05 7.7633748930e-01 2.2297417139e+03 
2.6416438087e-05 8.2009840631e-01 2.4213169761e+03 
5.1721033751e-06 8.1110294675e-01 2.3908268527e+03 
6.1862200499e-05 7.8229175653e-01 2.2489679439e+03 
4.5144326941e-06 7.9271926802e-01 2.2400526378e+03 
1.1535671128e-04 7.8781477054e-01 2.2417737150e+03 
4.8677693220e-06 8.1344035836e-01 2.5180051496e+03 
3.2823396536e-05 7.8624794890e-01 2.2412098312e+03 
6.1352531840e-05 7.8100873327e-01 2.2336118022e+03 
4.6676964002e-05 8.3669994458e-01 2.3644739025e+03 
1.0491102801e-04 7.8548976125e-01 2.2500489388e+03 
1.0195475891e-05 1.0000000000e+00 1.5927248560e+03 
8.6648758303e-05 8.4219069633e-01 2.3282863716e+03 
1.9308948718e-05 1.0000000000e+00 1.5591081219e+03 
5.2613269978e-05 8.1205400377e-01 2.2803596463e+03 
9.7209729265e-05 8.3183154117e-01 2.2974974040e+03 
2.3902274903e-05 7.6257940443e-01 2.1640675514e+03 
1.9298161467e-05 7.9525815648e-01 2.2800571438e+03 
4.7160991127e-06 7.3073615361e-01 1.7149650798e+03 
6.4371366530e-05 8.2113411838e-01 2.3423608399e+03 
4.0295770113e-05 7.8770656790e-01 2.2560055100e+03 
3.3028000648e-05 7.9841020991e-01 2.2775975435e+03 
2.9746966030e-05 7.7089019103e-01 2.1959870986e+03 
7.3720240242e-05 8.6621220652e-01 2.3684309238e+03 
4.5263189053e-06 8.0119029191e-01 2.2827994849e+03 
3.4516320755e-06 1.0000000000e+00 1.4006672722e+03 
2.7292291884e-05 7.6715240604e-01 2.1702932095e+03 
5.8185759730e-05 8.5447006760e-01 2.3841008445e+03 
1.4253122955e-05 6.6645610391e-01 2.0273859018e+03 
1.1082176112e-05 1.0000000000e+00 1.3226947412e+03 
1.7064373454e-05 6.9456778165e-01 1.8977208830e+03 
1.6780349111e-05 1.0000000000e+00 1.6124378019e+03 
3.2699785588e-05 6.8695243409e-01 1.9261779524e+03 
8.3424453662e-05 8.3997213371e-01 2.3307339440e+03 
3.4602718971e-05 7.8485093459e-01 2.2436534545e+03 
3.8725957821e-06 8.0841923158e-01 2.3424835383e+03 
3.9595620433e-05 7.7883895269e-01 2.2473155985e+03 
2.3964300020e-05 6.9112030426e-01 1.9129093489e+03 
5.7393383346e-06 1.0000000000e+00 1.4327656303e+03 
2.2076410328e-05 7.7058746290e-01 2.1876034170e+03 
3.3051395396e-06 1.0000000000e+00 1.2486382805e+03 
3.1017564553e-05 8.0854345222e-01 2.3267511872e+03 
3.5939012893e-05 7.7766078460e-01 2.2448263151e+03 
1.1009636583e-05 8.0249214485e-01 2.3009663572e+03 
6.3610372934e-05 8.2067890685e-01 2.2778682672e+03 
9.6670080313e-05 8.5596279328e-01 2.3265713837e+03 
2.4234032951e-05 7.7475520093e-01 2.2202035477e+03 
8.2524939134e-05 7.1056787705e-01 2.1028437867e+03 
4.4123167469e-06 8.1362741595e-01 2.4481858034e+03 
1.4181831359e-05 7.2317591168e-01 1.7470460060e+03 
1.7444725835e-05 6.6962762516e-01 1.9757101076e+03 
5.4742127375e-05 7.2544179982e-01 2.1296491253e+03 
2.4956150107e-05 7.1173359090e-01 2.1048557465e+03 
1.6925553698e-05 7.8743244797e-01 1.6887964135e+03 
9.3715098661e-06 8.1508309592e-01 2.5223683628e+03 
2.9476198906e-05 7.7306355895e-01 2.2172586774e+03 
4.2740531921e-05 6.9159697947e-01 2.0552422328e+03 
3.9890055516e-05 8.1596372636e-01 2.3799901676e+03 
1.7422584666e-05 7.0307525127e-01 1.7934953922e+03 
3.5314384580e-05 7.9080270324e-01 2.2532378662e+03 
4.5651251173e-05 7.9735040789e-01 2.2624878914e+03 
5.9275273629e-05 8.1000648159e-01 2.2653590228e+03 
5.0201635626e-06 8.1376689469e-01 2.5240365360e+03 
4.4181928714e-05 8.0828837510e-01 2.2766781946e+03 
2.8649184594e-05 8.1043490907e-01 2.3453103162e+03 
1.0645425782e-04 8.1166286488e-01 2.2808064720e+03 
4.8645303322e-05 7.8592142145e-01 2.2547656219e+03 
7.2359772026e-06 1.0000000000e+00 1.5033173667e+03 
3.7146339149e-05 7.0274791258e-01 2.0758373495e+03 
3.7034788718e-05 7.9979690226e-01 2.2658195579e+03 
2.3732267588e-05 6.9950473467e-01 1.8538704541e+03 
4.4875003720e-06 1.0000000000e+00 7.7994043250e+02 
1.5048702788e-05 6.9749693806e-01 1.8254526441e+03 
3.6976908873e-05 7.7406482680e-01 2.2263598298e+03 
1.1183775399e-04 6.9458254970e-01 2.0621578393e+03 
6.2533867215e-06 8.1255913913e-01 2.4388573873e+03 
7.5561844251e-05 8.6042700791e-01 2.3446259239e+03 
2.0771690123e-05 7.7009553326e-01 2.1899774842e+03 
1.9867822333e-05 8.0289622718e-01 2.3105603108e+03 
4.9289040116e-06 1.0000000000e+00 1.3678140778e+03 
2.5125216806e-05 8.1291010736e-01 2.4021757254e+03 
7.1725363894e-06 8.1348716180e-01 2.4692807079e+03 
5.0765298630e-06 8.0724942677e-01 2.3319359892e+03 
6.5413324501e-05 8.1139119624e-01 2.2853156344e+03 
1.0539952707e-04 8.1095494212e-01 2.2657354898e+03 
2.8629534850e-05 7.0802214272e-01 1.7778284741e+03 
1.8897083500e-05 7.0240186664e-01 1.7932366258e+03 
9.8520282567e-06 1.0000000000e+00 1.6150078235e+03 
4.5882092768e-05 7.5604820019e-01 2.1692096132e+03 
5.1088020742e-05 7.7982967743e-01 2.2504086278e+03 
1.0917652082e-05 7.9960333232e-01 2.2873226256e+03 
1.0809293808e-04 8.3344581047e-01 2.2952592678e+03 
4.6577147547e-05 7.9450709035e-01 2.2746750927e+03 
1.1006201936e-05 8.2861630846e-01 1.6681884978e+03 
1.5220773392e-05 1.0000000000e+00 1.3913410350e+03 
5.5488324906e-05 7.9283487036e-01 2.2579819643e+03 
1.3965636262e-05 7.7806146236e-01 2.2039640813e+03 
1.5673257858e-04 7.8010075394e-01 2.2441242232e+03 
8.1948115731e-05 8.5136845773e-01 2.3277011010e+03 
1.8656196198e-05 7.9661318613e-01 2.2781557997e+03 
2.9411950764e-05 7.8877612741e-01 2.2487423675e+03 
8.7527110396e-06 1.0000000000e+00 8.9616019690e+02 
7.2815378840e-06 8.0518614758e-01 2.3228395928e+03 
9.6452321944e-06 6.6331345346e-01 1.9640091220e+03 
2.1126839095e-05 1.0000000000e+00 1.6427370652e+03 
3.4661047190e-05 7.7420404617e-01 2.2353829009e+03 
9.6192299426e-06 7.6044603592e-01 2.1543882336e+03 
2.7380784082e-05 7.7876953708e-01 2.2375724371e+03 
9.4706272511e-06 6.2300600589e-01 1.8682037303e+03 
5.0977293013e-05 8.0364920315e-01 2.2659825392e+03 
9.3066390465e-05 7.7853840194e-01 2.2475242181e+03 
8.9581270779e-05 8.1444935913e-01 2.3020135759e+03 
7.8305953288e-05 8.4346926773e-01 2.3409708879e+03 
5.1334581957e-05 7.7784246713e-01 2.2455211194e+03 
4.6467115939e-05 6.8036813738e-01 1.9526328388e+03 
5.3889689969e-05 7.7067306694e-01 2.2143824919e+03 
4.6673959392e-05 1.0000000000e+00 1.5262462763e+03 
3.8150854422e-05 6.9405244273e-01 1.9169953131e+03 
7.6660702648e-05 8.2788116642e-01 2.3302928943e+03 
1.7762903524e-05 7.9616815389e-01 2.2527856219e+03 
3.2492094812e-06 1.0000000000e+00 1.3152114970e+03 
1.3922563252e-05 1.0000000000e+00 1.6468527232e+03 
1.5783582002e-05 6.9733580785e-01 1.8009168982e+03 
1.1571358514e-05 8.1814536092e-01 2.5161260420e+03 
1.2571591079e-05 8.0094463187e-01 2.2882007568e+03 
3.9565541127e-05 7.8412146741e-01 2.2547080635e+03 
4.8586347624e-05 7.8558140813e-01 2.2486181602e+03 
9.4457972821e-06 7.9450753392e-01 2.2381254744e+03 
1.7062403291e-05 7.9021891458e-01 1.6876342386e+03 
6.5979928607e-05 8.4639711354e-01 2.3626172773e+03 
1.4976825492e-05 6.9142350069e-01 1.8565047925e+03 
1.4630762808e-05 7.8608436535e-01 2.2309910155e+03 
4.1017367403e-06 1.0000000000e+00 1.5240420004e+03 
6.6708321104e-06 7.7656367569e-01 2.2028624015e+03 
1.3875296586e-05 1.0000000000e+00 1.6344486920e+03 
7.4863486603e-05 8.3146264103e-01 2.3357538700e+03 
3.8194875725e-06 1.0000000000e+00 1.5383670535e+03 
9.6326434830e-06 6.7941972194e-01 2.0576052733e+03 
1.1150395081e-05 6.5394882354e-01 1.9648124869e+03 
2.2972642240e-05 6.8903413751e-01 2.0157766274e+03 
4.3084086543e-05 7.8267112094e-01 2.2550209755e+03 
1.8471975213e-05 6.9450809869e-01 1.8280282266e+03 
2.2652246094e-05 8.0984557482e-01 2.3762929098e+03 
7.0515576896e-05 8.0950736245e-01 2.2802908016e+03 
1.5839084287e-05 7.0465620830e-01 1.7906388552e+03 
3.6989436696e-05 8.3807735512e-01 2.4134627441e+03 
1.0955391447e-05 8.1328263684e-01 2.5063981800e+03 
7.2589800639e-05 6.8279208768e-01 2.0015074700e+03 
6.0214847631e-05 8.5878732469e-01 2.3845579040e+03 
4.6448085476e-05 8.2452404582e-01 2.3285086728e+03 
3.3945276757e-05 7.8157103926e-01 2.2496035738e+03 
5.6121933081e-06 1.0000000000e+00 1.5444090111e+03 
1.1228600200e-05 8.7467184034e-01 1.6572146047e+03 
1.4985020910e-05 7.9985817695e-01 2.2807477493e+03 
5.6342197687e-05 7.4424655791e-01 2.1659824821e+03 
2.6311138629e-05 8.1380648516e-01 2.4107629703e+03 
