Mass [kg]        Velocity [m s-1]    Theta [rad]    CO2 [frac]    
2.1106489554e-11 1.1843560212e+04 9.4326635776e-01 1.5000000000e-01 
2.3499999999e-07 1.4686653440e+04 1.1131515653e+00 1.5000000000e-01 
7.2852101233e-09 1.4391565137e+04 1.1899591509e+00 1.5000000000e-01 
2.8567657005e-08 1.4692185696e+04 1.0500918547e+00 1.5000000000e-01 
4.0739277204e-11 1.4403303794e+04 9.8865745924e-01 1.5000000000e-01 
1.0862046502e-08 1.1207110255e+04 2.7420725837e-01 1.5000000000e-01 
2.1636089929e-07 1.6756862582e+04 9.6051018781e-01 1.5000000000e-01 
1.0639197513e-11 1.1687012400e+04 8.1065832283e-01 1.5000000000e-01 
1.6281739162e-07 1.1232848254e+04 8.4580996910e-01 1.5000000000e-01 
2.3500000000e-07 1.9921976254e+04 4.6461325256e-01 1.5000000000e-01 
2.0314473075e-10 1.4779137755e+04 6.2944630788e-01 1.5000000000e-01 
6.2264845552e-08 2.0000000000e+04 8.8579568607e-01 1.5000000000e-01 
4.7384246351e-08 1.5964124523e+04 1.0725661990e+00 1.5000000000e-01 
1.1858278240e-08 1.3225512278e+04 1.2762094633e+00 1.5000000000e-01 
1.1641567802e-10 2.0000000000e+04 2.9728200109e-01 1.5000000000e-01 
2.3499999999e-07 1.3061716891e+04 2.6639498410e-01 1.5000000000e-01 
2.2902201417e-10 1.4900180850e+04 3.6639438957e-01 1.5000000000e-01 
2.1334728900e-09 1.1674986595e+04 7.8306425126e-01 1.5000000000e-01 
4.7517259098e-10 1.3351442451e+04 1.0076747938e+00 1.5000000000e-01 
1.4257708952e-10 1.4887945580e+04 2.8032997982e-01 1.5000000000e-01 
1.6980331463e-08 1.1570022215e+04 9.3075799569e-01 1.5000000000e-01 
1.1213020205e-07 1.4289476111e+04 1.6592586123e-01 1.5000000000e-01 
2.0295742716e-09 1.2565181713e+04 5.6735548640e-01 1.5000000000e-01 
8.8143302032e-09 1.1837843695e+04 8.8113534921e-01 1.5000000000e-01 
9.6913335135e-11 1.4730214944e+04 7.9113400480e-01 1.5000000000e-01 
5.4843006738e-09 1.1956509999e+04 1.1044575932e+00 1.5000000000e-01 
2.7576856377e-10 1.3449318951e+04 7.5039979697e-01 1.5000000000e-01 
1.3532649152e-10 1.3379774728e+04 7.3384330823e-01 1.5000000000e-01 
2.3500000000e-07 1.2988955641e+04 8.6722274525e-01 1.5000000000e-01 
8.7709257305e-09 1.2211104880e+04 5.4568279807e-01 1.5000000000e-01 
9.1039703864e-09 1.2562126763e+04 1.4351118633e-01 1.5000000000e-01 
1.2165879819e-08 1.3820475704e+04 3.6337100458e-01 1.5000000000e-01 
1.5351488331e-07 1.7086207931e+04 1.2266692915e+00 1.5000000000e-01 
2.3499999999e-07 1.1769648581e+04 4.8361430795e-01 1.5000000000e-01 
2.4821838217e-09 1.5254122942e+04 1.2452017675e+00 1.5000000000e-01 
1.3952470315e-07 2.0000000000e+04 1.5672947628e-01 1.5000000000e-01 
1.2689171006e-08 1.1385241398e+04 9.9681126465e-01 1.5000000000e-01 
2.3499999999e-07 2.0000000000e+04 1.0981800317e+00 1.5000000000e-01 
3.2569687333e-08 1.3578636356e+04 7.0391327235e-01 1.5000000000e-01 
7.8339135401e-10 1.4662306626e+04 7.8314417308e-01 1.5000000000e-01 
5.5160432319e-09 1.1891123640e+04 9.2845458199e-01 1.5000000000e-01 
7.1967662072e-09 1.1750700619e+04 9.3136580943e-01 1.5000000000e-01 
4.5293717986e-10 1.3580926540e+04 5.2205482734e-01 1.5000000000e-01 
5.7134721773e-09 1.4685874933e+04 9.2072360374e-01 1.5000000000e-01 
1.0955066261e-07 1.1954956728e+04 9.6830403573e-01 1.5000000000e-01 
2.3500000000e-07 1.2289774755e+04 7.9989972321e-01 1.5000000000e-01 
3.4853133771e-10 1.1443456170e+04 3.7898203266e-01 1.5000000000e-01 
2.3499999999e-07 1.2000795864e+04 6.1050990160e-01 1.5000000000e-01 
2.1647750305e-11 1.1338474940e+04 8.3392957132e-01 1.5000000000e-01 
1.3559873311e-09 2.0000000000e+04 5.6746935638e-01 1.5000000000e-01 
4.6183272684e-08 1.6974955895e+04 1.1796769470e+00 1.5000000000e-01 
9.6267844302e-10 1.4838379829e+04 7.1854114608e-01 1.5000000000e-01 
5.0409629914e-10 1.3893511879e+04 6.1068485695e-01 1.5000000000e-01 
2.3500000000e-07 1.2050035267e+04 2.9007343380e-01 1.5000000000e-01 
2.3500000000e-07 1.1680481857e+04 1.3496773107e+00 1.5000000000e-01 
1.5342453815e-09 1.4335163006e+04 1.0786325953e+00 1.5000000000e-01 
1.0724537080e-07 1.6357068697e+04 9.5353234616e-01 1.5000000000e-01 
7.1637900141e-10 1.2842042689e+04 1.0861498494e+00 1.5000000000e-01 
2.3463562847e-08 2.0000000000e+04 2.3366771552e-01 1.5000000000e-01 
1.2048491023e-09 1.2231340324e+04 2.0016766381e-01 1.5000000000e-01 
6.7326521577e-09 1.1613172048e+04 1.2743236658e+00 1.5000000000e-01 
1.3145603397e-08 1.3902379572e+04 1.3675348643e+00 1.5000000000e-01 
5.7208483760e-09 1.1992441670e+04 3.7880575847e-01 1.5000000000e-01 
2.3499999999e-07 1.5265847524e+04 2.8915947501e-01 1.5000000000e-01 
1.1541863554e-09 1.3914973912e+04 5.7107268211e-01 1.5000000000e-01 
1.4148927831e-08 1.3461143509e+04 5.6117107799e-01 1.5000000000e-01 
2.4773450480e-12 2.0000000000e+04 1.0484234424e+00 1.5000000000e-01 
1.7596015724e-11 1.1653200445e+04 5.2768426121e-01 1.5000000000e-01 
1.4977774080e-07 1.2158430182e+04 7.9735590981e-01 1.5000000000e-01 
5.8369980120e-09 1.1214732732e+04 1.2047694676e+00 1.5000000000e-01 
1.0001727810e-09 1.1320136171e+04 7.1820942936e-01 1.5000000000e-01 
1.2436549264e-11 1.2460072596e+04 1.9264522655e-01 1.5000000000e-01 
2.7226184052e-09 1.2261685721e+04 5.1370547839e-01 1.5000000000e-01 
2.3500000000e-07 1.6032764835e+04 3.8038624744e-01 1.5000000000e-01 
1.9791679055e-08 1.6350791409e+04 7.9912213232e-01 1.5000000000e-01 
7.9643410361e-09 1.1986547509e+04 1.0366884174e+00 1.5000000000e-01 
1.5683232862e-10 1.3127681405e+04 1.7125322348e-01 1.5000000000e-01 
2.3499999999e-07 1.4188059189e+04 9.7488906620e-01 1.5000000000e-01 
5.4551799781e-12 1.2220267366e+04 6.1896400644e-01 1.5000000000e-01 
1.6570810092e-07 1.6065979080e+04 4.7573809801e-01 1.5000000000e-01 
1.7616310648e-08 1.1626683276e+04 1.3907685419e+00 1.5000000000e-01 
2.6751292721e-10 1.1663828728e+04 1.0848525789e+00 1.5000000000e-01 
2.5955985722e-09 1.1987626777e+04 1.0025212837e+00 1.5000000000e-01 
1.5182527442e-09 1.1869517244e+04 6.0589942925e-01 1.5000000000e-01 
3.8813142149e-08 1.2985339464e+04 1.0709946479e+00 1.5000000000e-01 
2.2835558044e-11 1.2328343364e+04 1.0261409026e+00 1.5000000000e-01 
2.0922272546e-11 1.2761572534e+04 1.1659846964e-01 1.5000000000e-01 
2.3499999999e-07 2.0000000000e+04 4.9601475372e-01 1.5000000000e-01 
3.2698768434e-10 1.1690442263e+04 5.0119713771e-01 1.5000000000e-01 
2.3499999999e-07 1.4200534363e+04 1.2170466918e+00 1.5000000000e-01 
2.3500000000e-07 1.4572884879e+04 3.8489817804e-01 1.5000000000e-01 
1.1739853393e-08 1.2299610656e+04 6.7627269985e-01 1.5000000000e-01 
2.3499999999e-07 2.0000000000e+04 9.9185320225e-01 1.5000000000e-01 
2.3500000000e-07 1.3160972590e+04 9.6934998383e-01 1.5000000000e-01 
9.0918543020e-10 1.1425395385e+04 5.1560403352e-01 1.5000000000e-01 
2.3500000000e-07 1.2088106204e+04 6.0676286888e-01 1.5000000000e-01 
9.9300847892e-11 2.0000000000e+04 7.8715593538e-01 1.5000000000e-01 
4.0727984441e-10 1.7615344544e+04 1.0187735379e+00 1.5000000000e-01 
3.9299567303e-10 1.2819905208e+04 7.9593863883e-01 1.5000000000e-01 
3.0566559758e-12 1.4270087506e+04 8.3520083232e-01 1.5000000000e-01 
1.0396187056e-08 1.2002738971e+04 6.1134936599e-01 1.5000000000e-01 
2.8574000521e-08 1.4298419730e+04 9.0524007109e-01 1.5000000000e-01 
5.9045458496e-10 1.1551285524e+04 3.8293896475e-01 1.5000000000e-01 
4.3645530250e-09 1.1508839869e+04 4.8016628498e-01 1.5000000000e-01 
2.4174737891e-10 2.0000000000e+04 5.8883346821e-01 1.5000000000e-01 
1.9237072433e-09 1.4739607023e+04 1.2414611170e+00 1.5000000000e-01 
2.3878308039e-11 1.4561996067e+04 7.4874068975e-01 1.5000000000e-01 
8.4758715062e-11 1.2428261749e+04 5.8162192891e-01 1.5000000000e-01 
1.1530643961e-11 1.4456517098e+04 1.1855340611e+00 1.5000000000e-01 
2.1599364444e-10 1.2788026707e+04 3.0060818253e-01 1.5000000000e-01 
5.9733245935e-08 1.1952901219e+04 8.4989818138e-01 1.5000000000e-01 
6.7824480173e-12 1.1525388379e+04 6.1692998741e-01 1.5000000000e-01 
2.3500000000e-07 1.2334326648e+04 3.1995083463e-01 1.5000000000e-01 
1.3191560731e-10 1.6601878293e+04 1.0037420335e+00 1.5000000000e-01 
2.7195446180e-09 1.3866645641e+04 1.0065901125e+00 1.5000000000e-01 
2.5807239789e-08 1.2364318100e+04 4.8114152610e-01 1.5000000000e-01 
2.3374342690e-09 1.3636023687e+04 4.9843174719e-01 1.5000000000e-01 
3.0739677948e-09 1.2659663797e+04 1.2910900001e-01 1.5000000000e-01 
8.9676011444e-11 1.2463955726e+04 6.9607012919e-01 1.5000000000e-01 
1.0346615971e-09 1.4857344808e+04 8.7175400860e-01 1.5000000000e-01 
2.3499999999e-07 1.7561725386e+04 6.9012556036e-01 1.5000000000e-01 
6.5750726881e-09 1.2105237671e+04 1.2274380505e+00 1.5000000000e-01 
1.2473794356e-08 2.0000000000e+04 2.0945565752e-01 1.5000000000e-01 
1.6837692554e-11 1.2040108723e+04 7.8699813572e-01 1.5000000000e-01 
1.3306891298e-11 1.3791083664e+04 1.3161312435e+00 1.5000000000e-01 
1.3829957354e-09 1.2886379908e+04 1.0755567267e+00 1.5000000000e-01 
3.5447625228e-09 1.8939004499e+04 6.8084181977e-01 1.5000000000e-01 
2.3500000000e-07 1.3156296303e+04 1.1280437911e+00 1.5000000000e-01 
1.3211097943e-10 1.4889653029e+04 2.0234485436e-01 1.5000000000e-01 
5.4198720475e-09 1.7869548069e+04 5.5306458768e-01 1.5000000000e-01 
7.7954486305e-08 1.1405054763e+04 1.0206901838e+00 1.5000000000e-01 
3.1530085727e-09 1.1282634864e+04 5.7731673250e-01 1.5000000000e-01 
2.8654679387e-09 1.7954765585e+04 8.3340021822e-01 1.5000000000e-01 
1.3870810286e-10 2.0000000000e+04 1.4819926720e+00 1.5000000000e-01 
5.8997246891e-10 1.1496115939e+04 6.0514814619e-01 1.5000000000e-01 
4.2170488295e-09 1.6931810234e+04 1.0159496685e+00 1.5000000000e-01 
3.8584150562e-10 1.3561101294e+04 1.3359094132e+00 1.5000000000e-01 
5.9283150896e-11 1.3352764993e+04 3.7877509791e-01 1.5000000000e-01 
3.9041744534e-08 1.5057689578e+04 1.1017872009e+00 1.5000000000e-01 
1.2423111660e-11 1.1766774168e+04 7.1697093288e-01 1.5000000000e-01 
8.7928106474e-09 1.6718250612e+04 8.1936563268e-01 1.5000000000e-01 
1.8700253588e-08 1.1420341223e+04 3.9830765445e-01 1.5000000000e-01 
7.1630273965e-10 2.0000000000e+04 8.0170816916e-01 1.5000000000e-01 
1.6520623042e-09 1.1568464810e+04 1.2553186692e+00 1.5000000000e-01 
3.1145284883e-09 1.1575144021e+04 1.2769598914e+00 1.5000000000e-01 
4.0008264059e-10 1.2798011953e+04 1.1301891791e+00 1.5000000000e-01 
2.1719456630e-09 1.8902599492e+04 9.1000693906e-01 1.5000000000e-01 
3.9598050394e-08 1.3566385383e+04 1.0412519626e+00 1.5000000000e-01 
2.2630991199e-07 1.2030149077e+04 8.6103644527e-01 1.5000000000e-01 
8.6228888140e-08 1.2758727588e+04 2.3649986770e-01 1.5000000000e-01 
2.5059177497e-11 1.3001399604e+04 9.3510146265e-01 1.5000000000e-01 
3.7903281675e-08 1.3849604821e+04 1.0788415981e+00 1.5000000000e-01 
3.4721801662e-10 1.2902994236e+04 1.0683556319e-01 1.5000000000e-01 
8.2805695533e-10 1.5231420559e+04 4.0673253128e-01 1.5000000000e-01 
2.3601081000e-11 1.6123689472e+04 5.5907556395e-01 1.5000000000e-01 
2.3499999999e-07 1.1556235762e+04 7.2786676622e-01 1.5000000000e-01 
1.0477894231e-10 2.0000000000e+04 7.7414081275e-01 1.5000000000e-01 
9.4962690815e-11 1.6807122154e+04 1.3314230274e+00 1.5000000000e-01 
2.8287622993e-08 1.3021033169e+04 1.2476306392e+00 1.5000000000e-01 
7.6964278882e-09 1.1957598910e+04 1.2860499180e+00 1.5000000000e-01 
2.4210932508e-08 1.1732709344e+04 1.1843597193e+00 1.5000000000e-01 
2.3499999999e-07 1.7060133772e+04 5.2538053579e-01 1.5000000000e-01 
2.8387675399e-08 1.5158956645e+04 2.6378137788e-01 1.5000000000e-01 
3.0195661726e-10 1.2445496995e+04 2.5733491813e-01 1.5000000000e-01 
2.3500000000e-07 1.2573061070e+04 6.9306114748e-01 1.5000000000e-01 
2.3500000000e-07 1.1216860716e+04 5.1617084640e-01 1.5000000000e-01 
1.9079285564e-07 2.0000000000e+04 8.7532734696e-01 1.5000000000e-01 
2.3791372803e-09 1.3828685528e+04 3.1136584585e-01 1.5000000000e-01 
1.9140808851e-07 1.4411467677e+04 6.5427556248e-01 1.5000000000e-01 
5.4384640126e-10 1.7653609314e+04 6.5194822738e-01 1.5000000000e-01 
2.3499999999e-07 1.1786188800e+04 6.5034062677e-01 1.5000000000e-01 
2.6877587722e-13 1.2518352595e+04 6.9824109235e-01 1.5000000000e-01 
1.6215674752e-10 1.1407912773e+04 2.6744939927e-01 1.5000000000e-01 
2.6962683153e-12 1.1599400456e+04 1.0780343777e+00 1.5000000000e-01 
2.0320184903e-08 1.4246191757e+04 6.8469855700e-01 1.5000000000e-01 
3.0196888244e-09 1.1509307165e+04 6.5398442142e-01 1.5000000000e-01 
9.6698362786e-09 1.4577086502e+04 2.7926256101e-01 1.5000000000e-01 
1.9794897652e-09 1.7381524683e+04 5.6017226801e-01 1.5000000000e-01 
8.9562899892e-09 1.6329585258e+04 8.4792597904e-01 1.5000000000e-01 
3.3192562642e-10 1.2841274610e+04 8.7414439478e-01 1.5000000000e-01 
2.4593830242e-09 1.9063833752e+04 1.0700450157e+00 1.5000000000e-01 
2.7471694920e-09 1.2713835148e+04 9.9802798242e-01 1.5000000000e-01 
6.0344540016e-10 1.2130325194e+04 6.1495861861e-01 1.5000000000e-01 
1.4394476603e-07 2.0000000000e+04 5.2827198901e-01 1.5000000000e-01 
8.4378703470e-10 1.3322834468e+04 6.3893565803e-01 1.5000000000e-01 
9.6775638362e-10 1.3171954274e+04 5.9054763072e-01 1.5000000000e-01 
2.0639846579e-07 1.5393945436e+04 8.6356579656e-01 1.5000000000e-01 
7.2773893238e-10 1.3805029365e+04 8.2168336315e-01 1.5000000000e-01 
2.4543953640e-08 1.5896570660e+04 4.5185870369e-01 1.5000000000e-01 
5.7780794178e-10 1.2976688003e+04 1.1575976060e+00 1.5000000000e-01 
8.9251868318e-11 2.0000000000e+04 1.3792314737e+00 1.5000000000e-01 
2.3500000000e-07 1.2134017756e+04 1.2089976787e+00 1.5000000000e-01 
6.2517820238e-10 1.1463599490e+04 1.0986268620e+00 1.5000000000e-01 
4.0898960383e-11 1.2569820481e+04 1.2221016805e+00 1.5000000000e-01 
4.4640896024e-09 1.1819233934e+04 6.6040337711e-01 1.5000000000e-01 
5.3145496521e-09 1.1649273976e+04 9.8574531387e-02 1.5000000000e-01 
2.8632078871e-10 2.0000000000e+04 1.2015689958e+00 1.5000000000e-01 
2.3500000000e-07 1.7888473364e+04 1.1095416685e+00 1.5000000000e-01 
2.3883195166e-08 1.6016394534e+04 4.1933674863e-01 1.5000000000e-01 
7.7745113857e-10 1.5168638179e+04 9.2165056401e-01 1.5000000000e-01 
6.7178572694e-09 1.1333692254e+04 5.9999220023e-01 1.5000000000e-01 
1.0702318506e-07 1.8750830332e+04 3.9987898013e-01 1.5000000000e-01 
2.3499999999e-07 1.1315724516e+04 7.4177223577e-01 1.5000000000e-01 
1.2493696172e-07 1.1475762277e+04 1.0162524733e+00 1.5000000000e-01 
2.3499999999e-07 1.3278840822e+04 8.5904736657e-01 1.5000000000e-01 
2.4464255061e-09 1.3084890089e+04 7.7325357768e-01 1.5000000000e-01 
1.5675476133e-09 1.3314957896e+04 7.8164744388e-01 1.5000000000e-01 
3.3786343841e-10 1.1686187067e+04 8.5259578095e-01 1.5000000000e-01 
2.3500000000e-07 1.4288581095e+04 4.6677532805e-01 1.5000000000e-01 
5.4296778854e-09 2.0000000000e+04 5.4068798312e-01 1.5000000000e-01 
2.3500000000e-07 1.1415631755e+04 1.5224102456e+00 1.5000000000e-01 
4.9202024481e-08 1.1378941003e+04 6.0839601949e-01 1.5000000000e-01 
2.3198049802e-10 1.2416671813e+04 8.7544546034e-01 1.5000000000e-01 
2.3500000000e-07 1.1256706000e+04 4.4507370917e-01 1.5000000000e-01 
8.1933968416e-08 1.2215339595e+04 5.6020054574e-01 1.5000000000e-01 
2.3499999999e-07 1.2408647258e+04 9.9276735089e-01 1.5000000000e-01 
8.6482131270e-09 1.8467508451e+04 3.0904659539e-01 1.5000000000e-01 
2.3500000000e-07 1.2110998097e+04 6.4595764981e-01 1.5000000000e-01 
2.8320665045e-08 1.6016002617e+04 8.3523615982e-01 1.5000000000e-01 
1.8387738629e-08 1.1670411068e+04 7.3674918864e-01 1.5000000000e-01 
4.6320753118e-10 1.5480367504e+04 8.1887072860e-01 1.5000000000e-01 
6.8582430022e-08 1.1435448221e+04 1.7646931339e-01 1.5000000000e-01 
1.7650657744e-08 1.2599186131e+04 1.1209240457e+00 1.5000000000e-01 
1.5490595607e-09 1.5926055112e+04 4.0754918647e-01 1.5000000000e-01 
6.9652734763e-09 1.3718196492e+04 2.5804240793e-01 1.5000000000e-01 
2.3499999999e-07 1.4339513586e+04 8.6151957556e-01 1.5000000000e-01 
2.0773142449e-08 1.1413619569e+04 1.0280633501e+00 1.5000000000e-01 
4.0326077709e-11 1.2555107045e+04 3.9967352486e-01 1.5000000000e-01 
1.1916241913e-09 1.3329536701e+04 1.9286394090e-01 1.5000000000e-01 
7.5123014027e-10 1.4915051877e+04 5.4538288142e-01 1.5000000000e-01 
2.9270757388e-09 1.9002716734e+04 5.1184152637e-01 1.5000000000e-01 
2.3500000000e-07 1.1349603968e+04 9.3935860724e-01 1.5000000000e-01 
4.4393229617e-09 1.2086809160e+04 5.0581562900e-01 1.5000000000e-01 
1.0804151709e-09 1.5606859708e+04 3.0679878538e-01 1.5000000000e-01 
3.5496690846e-08 1.1605976757e+04 7.9952298112e-01 1.5000000000e-01 
2.8792836752e-09 2.0000000000e+04 6.7363968429e-01 1.5000000000e-01 
1.0692866140e-08 1.6206122934e+04 4.4655111518e-02 1.5000000000e-01 
5.0799805589e-08 1.4213868293e+04 1.1711392535e+00 1.5000000000e-01 
5.0854416003e-09 1.5480808477e+04 5.9479910373e-01 1.5000000000e-01 
2.3499999999e-07 2.0000000000e+04 9.1233002273e-01 1.5000000000e-01 
3.0516695954e-11 1.2922973404e+04 3.5128570434e-01 1.5000000000e-01 
7.7663489453e-10 1.2436383915e+04 6.9363801644e-02 1.5000000000e-01 
7.2836738559e-11 1.5760346733e+04 1.4940697876e-01 1.5000000000e-01 
2.3500000000e-07 1.1461675487e+04 1.0144885370e+00 1.5000000000e-01 
1.2768199889e-09 1.2872850652e+04 7.1359677170e-01 1.5000000000e-01 
2.3500000000e-07 1.5672554916e+04 6.5605638803e-01 1.5000000000e-01 
1.8013318636e-08 2.0000000000e+04 8.5180409906e-01 1.5000000000e-01 
1.4867053082e-08 1.2240336606e+04 1.0211499544e+00 1.5000000000e-01 
2.1255652644e-10 2.0000000000e+04 5.7661068520e-01 1.5000000000e-01 
2.3500000000e-07 1.3957167929e+04 1.3394466265e+00 1.5000000000e-01 
2.0251109621e-07 2.0000000000e+04 6.5196162732e-01 1.5000000000e-01 
4.2247513400e-09 1.3918126803e+04 8.9795713649e-01 1.5000000000e-01 
1.4746467875e-08 1.3721861571e+04 1.2175956376e+00 1.5000000000e-01 
1.1195500832e-07 1.3203035846e+04 3.6019328624e-01 1.5000000000e-01 
1.0610602284e-07 1.2790973805e+04 1.2642590250e+00 1.5000000000e-01 
3.1200961303e-11 1.2283001056e+04 8.7485976924e-01 1.5000000000e-01 
2.3500000000e-07 1.1959532235e+04 8.1388687655e-01 1.5000000000e-01 
2.1151421375e-10 1.1248530256e+04 1.1452534576e+00 1.5000000000e-01 
2.7866561191e-08 1.2109223403e+04 5.4456231188e-01 1.5000000000e-01 
1.8519150629e-07 1.1566299418e+04 9.1184600283e-01 1.5000000000e-01 
4.0808072476e-10 1.4403822893e+04 9.0506090052e-01 1.5000000000e-01 
4.3349566233e-09 1.4890055896e+04 4.0900282025e-01 1.5000000000e-01 
2.7997268456e-12 1.5840689175e+04 4.1101419139e-01 1.5000000000e-01 
2.3499999999e-07 1.3415442522e+04 9.4901575774e-01 1.5000000000e-01 
4.3733706200e-09 1.1733105172e+04 2.8794733630e-01 1.5000000000e-01 
1.0115689512e-08 1.3211616326e+04 3.8241765810e-01 1.5000000000e-01 
8.7340177937e-10 1.3582744410e+04 9.0126153410e-01 1.5000000000e-01 
2.3499999999e-07 1.1890387200e+04 8.3171928777e-02 1.5000000000e-01 
8.7739671891e-10 2.0000000000e+04 6.6951542479e-01 1.5000000000e-01 
1.2059739926e-12 1.4182749516e+04 6.7176153399e-01 1.5000000000e-01 
6.4306288376e-10 1.5355962335e+04 1.1002522700e+00 1.5000000000e-01 
2.3499999999e-07 1.2856811581e+04 3.5398621990e-01 1.5000000000e-01 
7.6277701900e-11 1.5935157880e+04 9.3585759076e-01 1.5000000000e-01 
3.9909064381e-11 1.1563255578e+04 1.2029006327e+00 1.5000000000e-01 
1.2962426673e-10 1.1477591252e+04 4.2907124264e-02 1.5000000000e-01 
1.3925194610e-10 1.1821285383e+04 1.0859600741e+00 1.5000000000e-01 
9.0963123401e-10 1.2192680688e+04 1.0739814093e+00 1.5000000000e-01 
2.3499999999e-07 1.2145218341e+04 8.3096344076e-01 1.5000000000e-01 
4.0468392544e-09 1.3389374820e+04 8.2307692057e-01 1.5000000000e-01 
3.5225121435e-09 2.0000000000e+04 5.2386055749e-01 1.5000000000e-01 
2.7522819270e-09 1.1577756834e+04 4.2881966074e-01 1.5000000000e-01 
3.5855544679e-10 1.1775438933e+04 8.1400881951e-01 1.5000000000e-01 
5.5447621433e-12 1.2203728728e+04 6.9449704623e-01 1.5000000000e-01 
3.6225868057e-10 1.4708421475e+04 8.8396519386e-01 1.5000000000e-01 
1.0586631276e-12 1.1923253793e+04 5.4137436383e-01 1.5000000000e-01 
2.5723620767e-08 1.3864416002e+04 3.2866985455e-01 1.5000000000e-01 
1.8923972151e-09 1.1536678914e+04 1.6579987731e-01 1.5000000000e-01 
4.9919109202e-09 1.7502828887e+04 7.7212643004e-01 1.5000000000e-01 
3.8888543717e-08 1.1529299345e+04 5.4706224435e-01 1.5000000000e-01 
2.3500000000e-07 1.1237892695e+04 6.5726510648e-01 1.5000000000e-01 
5.4554328053e-10 1.3044331434e+04 4.5938341469e-01 1.5000000000e-01 
1.5395838692e-08 1.2319197973e+04 1.2773655782e+00 1.5000000000e-01 
4.2205491031e-08 2.0000000000e+04 6.5331046733e-01 1.5000000000e-01 
7.5633697907e-11 1.2675228555e+04 8.8582948535e-01 1.5000000000e-01 
1.3769982194e-10 1.4373302636e+04 9.3518252003e-01 1.5000000000e-01 
4.6275716517e-09 1.3221925397e+04 1.2095353285e+00 1.5000000000e-01 
4.2524135814e-10 1.1943319259e+04 3.3254055999e-01 1.5000000000e-01 
1.3356061384e-10 1.1857164296e+04 9.7687553782e-01 1.5000000000e-01 
2.0225027075e-07 1.8087802318e+04 2.3045026893e-01 1.5000000000e-01 
9.0046433946e-10 1.2670032432e+04 6.3185233329e-01 1.5000000000e-01 
2.0874745729e-09 1.3147198022e+04 1.1700360827e+00 1.5000000000e-01 
2.3499999999e-07 1.4858963639e+04 8.8949538058e-01 1.5000000000e-01 
1.3833233502e-10 1.1421425675e+04 6.7018093475e-01 1.5000000000e-01 
1.0412270843e-08 1.3890808770e+04 8.6528397434e-01 1.5000000000e-01 
1.6840584967e-08 1.2656018356e+04 6.9905661623e-01 1.5000000000e-01 
2.7694812769e-08 1.1719262933e+04 6.2675623131e-01 1.5000000000e-01 
2.3500000000e-07 2.0000000000e+04 6.8177655695e-01 1.5000000000e-01 
1.6322561900e-08 1.2233581446e+04 2.8950011858e-01 1.5000000000e-01 
3.3900087335e-08 1.4246991210e+04 3.0284002358e-01 1.5000000000e-01 
2.3499999999e-07 1.2139239076e+04 1.1194467475e+00 1.5000000000e-01 
7.5101920390e-09 1.1791043901e+04 6.8310097503e-01 1.5000000000e-01 
1.1120083565e-11 1.2658676194e+04 8.4639332459e-01 1.5000000000e-01 
1.3777923503e-09 1.1528694506e+04 8.2929562206e-01 1.5000000000e-01 
9.0637482369e-09 1.2534229077e+04 1.5541299608e-01 1.5000000000e-01 
3.4921013022e-10 1.1303345712e+04 8.1326398655e-01 1.5000000000e-01 
2.6497209657e-12 1.4279382356e+04 1.4187739834e+00 1.5000000000e-01 
8.8862030259e-11 1.1767493930e+04 4.7504732943e-01 1.5000000000e-01 
1.9003886213e-09 1.2501693474e+04 8.0675282251e-01 1.5000000000e-01 
3.7533824206e-08 1.3005857509e+04 1.3675838819e+00 1.5000000000e-01 
6.5771510624e-08 2.0000000000e+04 9.7583169740e-01 1.5000000000e-01 
1.5785465352e-07 1.1513501485e+04 1.0048982569e-01 1.5000000000e-01 
2.8562319709e-10 1.3431199080e+04 4.4147174277e-01 1.5000000000e-01 
3.2031830610e-08 1.7264893954e+04 1.1015005784e+00 1.5000000000e-01 
3.5113268122e-12 1.3110816615e+04 8.9568701130e-01 1.5000000000e-01 
1.5498262419e-07 1.5744563101e+04 7.1165353710e-01 1.5000000000e-01 
2.3500000000e-07 2.0000000000e+04 1.0327458563e+00 1.5000000000e-01 
5.7301176499e-09 2.0000000000e+04 8.3329917221e-01 1.5000000000e-01 
6.2156484057e-08 1.2310910704e+04 8.4765446933e-01 1.5000000000e-01 
1.3891486401e-07 1.1525497424e+04 1.0589208356e+00 1.5000000000e-01 
6.1595430043e-10 1.2067706693e+04 1.1539521418e+00 1.5000000000e-01 
1.7644009221e-10 1.1570955112e+04 8.0023939140e-01 1.5000000000e-01 
2.8199517220e-11 1.2248101992e+04 7.8840389220e-01 1.5000000000e-01 
2.8226464878e-09 1.2641665620e+04 1.0459089005e+00 1.5000000000e-01 
5.6442290461e-09 1.1272492492e+04 6.8281202004e-01 1.5000000000e-01 
2.2300234043e-09 1.6705817750e+04 4.2213044767e-01 1.5000000000e-01 
2.3500000000e-07 1.1431713468e+04 9.6037947320e-01 1.5000000000e-01 
3.8819298919e-08 1.4106075544e+04 1.0472625059e+00 1.5000000000e-01 
3.7481566400e-11 1.1981422279e+04 6.8291962863e-01 1.5000000000e-01 
1.0340931821e-10 1.3947070957e+04 1.3434208454e+00 1.5000000000e-01 
1.2927059311e-08 1.1610476697e+04 7.0348129202e-01 1.5000000000e-01 
7.4869095502e-10 2.0000000000e+04 1.2208643105e+00 1.5000000000e-01 
2.3499999999e-07 1.2589358643e+04 1.3454917380e+00 1.5000000000e-01 
1.6319127960e-07 1.1522058727e+04 5.6720908503e-01 1.5000000000e-01 
4.6371960617e-09 1.5361098957e+04 6.2203810585e-01 1.5000000000e-01 
3.7058340531e-09 1.3377074897e+04 5.4342525565e-01 1.5000000000e-01 
1.9661399254e-11 1.2523913829e+04 1.4156619022e+00 1.5000000000e-01 
3.7848448226e-09 1.8164052434e+04 5.0209597148e-01 1.5000000000e-01 
2.3155710686e-11 1.5104129378e+04 4.7629220676e-01 1.5000000000e-01 
2.7981829002e-10 1.4528380268e+04 1.3129418940e+00 1.5000000000e-01 
1.5692464926e-09 1.1844770789e+04 4.4981695642e-01 1.5000000000e-01 
2.7607362207e-11 1.7244893636e+04 5.6666261233e-01 1.5000000000e-01 
1.0923580423e-09 1.2937268538e+04 4.9620459114e-01 1.5000000000e-01 
2.1111444069e-11 2.0000000000e+04 1.1913216779e+00 1.5000000000e-01 
1.1112749357e-08 1.1294364350e+04 2.4700627833e-01 1.5000000000e-01 
3.2507909097e-08 1.1249403465e+04 1.1204996196e+00 1.5000000000e-01 
2.3500000000e-07 1.2637829952e+04 1.0764788055e+00 1.5000000000e-01 
2.3499999999e-07 1.2248589004e+04 7.6191037597e-01 1.5000000000e-01 
5.4007186756e-09 1.1385518573e+04 7.5583151991e-01 1.5000000000e-01 
2.6075078720e-09 1.3041902983e+04 1.2562078826e+00 1.5000000000e-01 
4.9493797230e-09 1.1329550596e+04 8.6413671400e-01 1.5000000000e-01 
2.9854729728e-09 1.2171661165e+04 1.3932642696e+00 1.5000000000e-01 
1.4492991913e-09 1.1216331107e+04 1.0304001236e+00 1.5000000000e-01 
2.3499999999e-07 1.2716334438e+04 9.2923964717e-01 1.5000000000e-01 
3.6354938875e-09 1.6415743763e+04 9.2936003411e-01 1.5000000000e-01 
1.0058409799e-12 1.2513925659e+04 4.0202879957e-01 1.5000000000e-01 
7.9740817708e-11 1.1262731704e+04 8.0881788175e-01 1.5000000000e-01 
1.0246608973e-10 1.1790607406e+04 6.4409254295e-01 1.5000000000e-01 
2.3499999999e-07 1.7612214161e+04 2.6079296680e-01 1.5000000000e-01 
4.0780252046e-09 1.6987492765e+04 7.5116592703e-01 1.5000000000e-01 
3.4537902470e-09 1.1619870082e+04 2.6973386532e-01 1.5000000000e-01 
1.0866707225e-08 1.2913601669e+04 9.6047645127e-01 1.5000000000e-01 
4.9450482845e-10 1.7055993728e+04 4.4087687934e-01 1.5000000000e-01 
1.3702074615e-10 1.1742035869e+04 9.6615014111e-01 1.5000000000e-01 
2.3499999999e-07 1.2693396578e+04 6.4313385226e-01 1.5000000000e-01 
8.7330459373e-11 1.2270839190e+04 5.6221305394e-01 1.5000000000e-01 
3.6399728470e-10 1.5038975433e+04 2.4760407279e-01 1.5000000000e-01 
2.0272489188e-12 1.4770034317e+04 6.4526572407e-01 1.5000000000e-01 
6.4679026802e-11 2.0000000000e+04 8.4059518130e-01 1.5000000000e-01 
7.8888112810e-11 1.1913598121e+04 9.6009153466e-01 1.5000000000e-01 
2.3500000000e-07 1.2691201067e+04 8.8668911235e-01 1.5000000000e-01 
1.6374575023e-12 1.4214153532e+04 1.9718043349e-01 1.5000000000e-01 
2.3988740646e-11 1.5499477330e+04 1.5688065287e-01 1.5000000000e-01 
3.5622137476e-11 1.6255439795e+04 8.8765230338e-01 1.5000000000e-01 
3.1948082132e-10 1.2207150241e+04 6.4264285274e-01 1.5000000000e-01 
3.7043258157e-09 1.1211196440e+04 2.5653817074e-01 1.5000000000e-01 
1.6405047020e-10 1.2207088746e+04 8.5060929847e-01 1.5000000000e-01 
5.4509707277e-08 1.5319421502e+04 4.4133867430e-01 1.5000000000e-01 
7.1208769342e-08 1.2276034568e+04 9.1401265935e-01 1.5000000000e-01 
1.0403984906e-10 1.1230702865e+04 4.5257729466e-01 1.5000000000e-01 
2.3499999999e-07 1.4401644349e+04 4.2146286023e-01 1.5000000000e-01 
2.3499999999e-07 1.7990827489e+04 5.7686831642e-01 1.5000000000e-01 
1.0030308969e-08 1.3012495294e+04 1.3264629661e+00 1.5000000000e-01 
2.3499999999e-07 1.2665521738e+04 2.1543438750e-01 1.5000000000e-01 
5.3918147156e-08 1.2843285603e+04 4.0552744620e-01 1.5000000000e-01 
2.1333339462e-09 1.1933407823e+04 9.6480699189e-02 1.5000000000e-01 
5.1931569912e-12 1.2494717228e+04 2.3427936577e-01 1.5000000000e-01 
4.0567109078e-11 1.1852039757e+04 7.0764315595e-01 1.5000000000e-01 
5.0922938826e-09 1.6752558064e+04 8.5192147509e-01 1.5000000000e-01 
5.1011204796e-09 1.1316207821e+04 9.5733999394e-01 1.5000000000e-01 
2.3499999999e-07 1.5930093142e+04 8.0218117306e-01 1.5000000000e-01 
