Radius [m]       Fe Area [frac]    Max Temp [k]    
2.7745368084e-05 8.8422585173e-01 2.4412531749e+03 
3.6523643561e-05 8.7582446013e-01 2.2067062903e+03 
7.0526794342e-05 8.7579968579e-01 2.2449046240e+03 
5.0811296069e-05 8.7410590119e-01 2.2066687558e+03 
5.7126619797e-06 1.0000000000e+00 1.1990994205e+03 
4.1067942130e-05 8.7327614587e-01 2.1524987916e+03 
1.2931362182e-05 8.6349912248e-01 2.1226347077e+03 
3.4503298736e-05 8.8074459095e-01 2.3178820956e+03 
3.9050592176e-05 8.8247276612e-01 2.3772028317e+03 
8.5627347106e-06 8.9078251640e-01 2.5450768492e+03 
6.2216481836e-05 8.8197705016e-01 2.3158173849e+03 
3.2716341438e-05 8.8385659962e-01 2.4298894346e+03 
1.3400627696e-05 8.7526591894e-01 2.1597633796e+03 
2.4611793525e-05 8.7511003712e-01 2.1631841332e+03 
2.9949724824e-05 7.9214422971e-01 1.9472927003e+03 
5.2010446221e-05 8.8455432964e-01 2.2948666793e+03 
2.4315083915e-05 8.6926153305e-01 2.1433498009e+03 
3.4965189906e-05 8.1186962678e-01 2.0028251498e+03 
3.3756190640e-05 8.8383391931e-01 2.3864727762e+03 
2.2761453065e-05 8.0479457260e-01 1.9197315159e+03 
5.0563416549e-05 8.7078382906e-01 2.1886705008e+03 
1.8313837803e-05 8.3806372837e-01 1.7276160521e+03 
4.6478589058e-06 8.8055036542e-01 2.2320728262e+03 
3.7594638260e-05 8.7411205224e-01 2.1731428103e+03 
2.4636389306e-05 8.7678939645e-01 2.1616712876e+03 
6.8482969671e-05 8.7344113554e-01 2.2195260705e+03 
2.7158675376e-05 1.0000000000e+00 1.5160222248e+03 
1.4337647278e-05 7.7622834721e-01 1.9180239812e+03 
4.7917775916e-05 8.8392692350e-01 2.2705478191e+03 
6.9654317007e-05 8.7848544294e-01 2.2898841547e+03 
3.7588913543e-05 8.7396954364e-01 2.1736615856e+03 
1.2911888754e-05 8.8034960611e-01 2.1942071609e+03 
1.3939196089e-05 7.9767812416e-01 1.8370661717e+03 
4.6386843992e-05 8.3397392738e-01 2.0664076901e+03 
4.5772289004e-05 8.0110262314e-01 1.9221672105e+03 
4.2712590697e-05 8.7608614027e-01 2.2476430722e+03 
4.4529773614e-05 8.2686623565e-01 2.0547826425e+03 
1.1563182269e-05 7.9802724221e-01 1.8074663321e+03 
3.4716991076e-06 7.5065605510e-01 1.8925068869e+03 
6.2036874176e-06 8.8571388094e-01 2.3123092167e+03 
2.6697381887e-05 8.7381406539e-01 2.1695069772e+03 
4.4138419491e-06 1.0000000000e+00 1.3176485997e+03 
8.3895603331e-06 8.9164825620e-01 2.4043964390e+03 
1.9720067620e-05 8.0399285547e-01 1.9668090896e+03 
2.5053381536e-05 8.9021867003e-01 2.3491142032e+03 
2.5484361544e-05 8.8600800706e-01 2.4148787803e+03 
3.1119681779e-05 8.2222552200e-01 2.0424109556e+03 
5.8274860458e-05 8.8380577680e-01 2.3390882127e+03 
9.1840066184e-05 8.7671055869e-01 2.2702214595e+03 
3.7984177542e-05 8.0270859007e-01 1.9672100576e+03 
1.2738558233e-05 8.8494720822e-01 2.2542420709e+03 
1.8555168895e-05 8.8315716080e-01 2.2255635468e+03 
9.1918176336e-06 8.7934514609e-01 2.1901386900e+03 
1.1587788332e-05 8.9317688215e-01 2.4305430762e+03 
9.3445916502e-06 8.9222448033e-01 2.3874196770e+03 
5.1722781322e-05 8.7920760897e-01 2.3047060488e+03 
5.2517529337e-06 8.9510706386e-01 2.5160662879e+03 
3.8085396616e-05 8.7585560145e-01 2.2528909448e+03 
1.0708442658e-05 8.7305480135e-01 2.1403787586e+03 
6.2856541780e-06 1.0000000000e+00 1.5859982066e+03 
9.7581850274e-06 8.9068211612e-01 2.3487145328e+03 
1.4129121928e-05 8.7525532489e-01 2.1523140793e+03 
4.0685977850e-05 8.8443295154e-01 2.2481771669e+03 
3.2336305249e-05 8.1791665482e-01 2.0302879315e+03 
3.5349438749e-05 8.8540783868e-01 2.3506082631e+03 
2.2874270638e-05 7.8520857590e-01 1.9831350046e+03 
8.7701938645e-05 8.7717086709e-01 2.2709696398e+03 
8.2498089575e-05 8.8653752424e-01 2.3277713180e+03 
2.9052348125e-05 8.7989089786e-01 2.2799900917e+03 
6.1474013906e-05 8.7433435827e-01 2.2481141731e+03 
1.2848718948e-04 1.0000000000e+00 3.0000000000e+02 
3.9289050442e-05 8.7657933704e-01 2.2663079926e+03 
3.7310021896e-05 8.7607589416e-01 2.1575985488e+03 
1.6516115721e-04 1.0000000000e+00 6.0695969282e+02 
2.0336901234e-05 8.8598787491e-01 2.4116705148e+03 
7.6054677262e-06 1.0000000000e+00 1.5054596870e+03 
5.3017879744e-06 1.0000000000e+00 1.3870511301e+03 
1.8433918991e-05 7.5989962385e-01 1.8801555330e+03 
7.9247260766e-06 7.8816627814e-01 1.7963653653e+03 
7.1249844049e-05 8.7776457413e-01 2.2900960011e+03 
1.4013590931e-05 8.8850353557e-01 2.3656221225e+03 
1.3452515613e-05 8.5938801369e-01 2.0958833409e+03 
4.1891448302e-05 8.0804088878e-01 2.0065565548e+03 
2.1651031919e-05 8.7438096752e-01 2.1618336147e+03 
8.2722027477e-05 8.8929237901e-01 2.3334282301e+03 
4.1164957051e-06 1.0000000000e+00 1.4429847278e+03 
3.4964424243e-06 8.9417067808e-01 2.4739106981e+03 
3.9714217933e-05 8.7015491488e-01 2.1755346115e+03 
8.6604303004e-05 8.8300664553e-01 2.3037084968e+03 
2.6068186669e-05 8.7391465553e-01 2.1605163731e+03 
5.5675820084e-05 8.7469211545e-01 2.2062511884e+03 
8.1453905284e-05 8.7177150528e-01 2.1707102632e+03 
3.9403492486e-05 8.6479301245e-01 2.1288561491e+03 
4.3289188342e-06 8.8877210379e-01 2.3448868150e+03 
9.1523849310e-05 8.8048506896e-01 2.2968031320e+03 
2.4040082070e-05 8.7940231344e-01 2.1830033059e+03 
3.3820843984e-05 8.7236820243e-01 2.1689304948e+03 
5.0401309210e-05 8.7571918746e-01 2.2068140147e+03 
5.8424556121e-06 8.8504473907e-01 2.2642176011e+03 
1.2394070249e-05 8.7642808171e-01 2.1567274653e+03 
