Mass [kg]        Velocity [m s-1]    Theta [rad]    
2.1872371895e-07 1.1565518285e+04 9.0503318780e-01 
5.5304823084e-09 1.1584824875e+04 4.1734618481e-01 
1.4763113805e-11 1.1813216065e+04 7.2028587768e-01 
5.0358990487e-08 1.0429095261e+04 7.6483460915e-01 
8.5106743245e-10 1.0707047878e+04 5.3112297737e-01 
1.7963273239e-09 1.0115222499e+04 8.4039626715e-01 
6.6156884681e-09 1.1266319394e+04 1.2514944119e+00 
2.3500000000e-05 1.0574863411e+04 1.0104866605e+00 
2.3500000000e-05 1.1212271232e+04 1.3635742401e+00 
6.9715636721e-09 1.0155415994e+04 1.3824627007e+00 
1.6461651161e-11 1.0546764462e+04 4.7368402725e-01 
5.8671669445e-12 1.0500663225e+04 7.0014546819e-01 
4.5578862516e-08 1.2131048144e+04 1.0619928815e+00 
1.3739058540e-08 1.1270242290e+04 1.0794973471e+00 
1.1344467526e-09 1.1111638806e+04 1.3300716375e-01 
1.5496732756e-07 1.1119629241e+04 6.7995417970e-01 
4.2770530047e-09 1.0938971584e+04 4.6167157298e-01 
1.0611108693e-08 1.0955479481e+04 1.2194445944e+00 
3.3801937856e-10 1.0168025883e+04 7.1276469341e-01 
4.1211089801e-11 1.0129154689e+04 3.5851732183e-01 
3.1430728225e-09 1.0732758895e+04 8.8055060835e-01 
1.7775774602e-07 1.0750433184e+04 9.8802774607e-01 
7.2827121370e-08 1.0774228537e+04 9.9880183826e-01 
1.3108265194e-11 1.0453243563e+04 6.6309665280e-01 
4.6629381393e-10 1.1495744893e+04 4.7538284490e-01 
2.3500000000e-05 1.1949692627e+04 7.9136126694e-01 
4.7840717992e-10 1.1626968162e+04 1.1620483082e+00 
8.7872713490e-11 1.1465881583e+04 9.2171709999e-01 
3.0445114052e-12 1.0585494463e+04 7.0777490504e-01 
2.3500000000e-05 1.2029781983e+04 7.2585423412e-01 
2.3500000000e-05 1.0073482567e+04 7.0871583985e-01 
1.1689958804e-08 1.1662314924e+04 8.8234573497e-01 
4.2390878725e-10 1.1591048591e+04 1.1636606526e+00 
1.3577847605e-09 1.1320152079e+04 3.6608349492e-01 
1.7336010981e-07 1.0822894578e+04 5.5709089661e-01 
2.3500000000e-05 1.2266373778e+04 7.6715999474e-01 
4.9752925073e-10 1.1322898281e+04 1.3701977059e+00 
2.2036300421e-10 1.1977054782e+04 1.2805625999e+00 
2.3500000000e-05 1.0476255875e+04 6.5646895394e-01 
6.1385352349e-11 1.0661084181e+04 7.7686000883e-01 
4.2414221969e-11 1.0069975732e+04 6.9098061717e-01 
1.0853324024e-08 1.0315159304e+04 9.7980878535e-02 
4.0377689927e-09 1.1374671523e+04 6.5252457770e-01 
4.2461320443e-10 1.0521866988e+04 1.3827159976e+00 
2.5132142583e-10 1.0250799470e+04 9.6354799316e-01 
2.1181528661e-09 1.0763583817e+04 6.3501525356e-01 
1.1350285675e-10 1.2230556948e+04 8.8970034551e-01 
4.7754577656e-11 1.0163942136e+04 5.1384734629e-01 
1.0795672275e-09 1.1446168974e+04 1.1557794797e+00 
3.1891595982e-09 1.1879918613e+04 5.5109235301e-01 
1.3030427444e-11 1.1414314380e+04 7.0052987950e-01 
2.3500000000e-05 1.1217675665e+04 1.4186831807e+00 
2.0004214335e-09 1.0603463859e+04 1.1195435257e+00 
6.5043283160e-11 1.1660564022e+04 4.4842455014e-01 
1.9192181036e-10 1.2142800365e+04 1.1196445068e+00 
8.2718446584e-08 1.2111415739e+04 6.4237280011e-01 
4.8154482224e-08 1.0205168395e+04 1.0265723296e+00 
1.7007865934e-07 1.0792631962e+04 6.1875051427e-01 
2.3500000000e-05 1.0289295079e+04 1.9398606483e-01 
5.9991188750e-12 1.1443813585e+04 3.1103782784e-01 
2.3326141561e-07 1.2069419256e+04 7.2841835682e-01 
5.0051175401e-08 1.0344180991e+04 1.0032210754e+00 
2.2619026463e-09 1.0471344178e+04 1.2642288055e+00 
4.5838090562e-10 1.2041568962e+04 1.3078627566e-01 
7.6177002660e-09 1.1569395055e+04 9.1957110030e-01 
9.4180390660e-08 1.0809987182e+04 9.8583654446e-01 
1.9600668598e-07 1.1386727869e+04 6.4455938914e-01 
4.6823480371e-09 1.0396590086e+04 2.6859679158e-01 
2.0773316546e-11 1.1720557216e+04 5.8942387997e-01 
7.6169062311e-10 1.1117628006e+04 7.3204284766e-01 
2.3500000000e-05 1.0835383586e+04 9.0510158600e-01 
7.9657753317e-11 1.0495484849e+04 1.0988371078e-01 
3.8169065960e-08 1.0117002361e+04 1.2145503573e+00 
2.1682048330e-09 1.0159605223e+04 8.6494478314e-01 
2.6558876787e-10 1.0345767193e+04 9.3492783445e-01 
9.1089863010e-10 1.0480658419e+04 5.8511193403e-01 
2.3144764415e-10 1.0850897917e+04 9.7010542289e-01 
2.5069697328e-11 1.0387369470e+04 1.7253996507e-01 
8.3086303574e-09 1.1837051098e+04 7.7355843199e-01 
1.0025174057e-08 1.0213412316e+04 8.7631648742e-01 
3.7302501702e-08 1.0579183467e+04 5.7484405768e-01 
4.8215827152e-09 1.0505237131e+04 9.4610325931e-01 
7.2694937576e-08 1.1115105292e+04 1.1865650194e+00 
2.8579985114e-08 1.2257073292e+04 6.4378512366e-01 
6.6565245285e-10 1.1064110065e+04 7.8044143845e-01 
1.8060219947e-09 1.0772512052e+04 8.6975254280e-01 
2.3500000000e-05 1.2030429275e+04 9.1699067808e-01 
2.3500000000e-05 1.1162600842e+04 8.1255759831e-01 
2.3500000000e-05 1.0351614464e+04 1.0232275552e+00 
1.9695375115e-07 1.1431261770e+04 9.7518265326e-01 
4.7383571492e-08 1.1076866857e+04 1.0600067332e+00 
2.0211351484e-11 1.1697807565e+04 1.2002291236e+00 
6.1627005941e-10 1.0331005982e+04 7.1617753203e-01 
1.0883173676e-11 1.2067000450e+04 4.1897019778e-01 
5.7793361413e-11 1.0446215411e+04 1.0698848315e+00 
3.0895879485e-09 1.0367516762e+04 4.8479346223e-01 
8.0794370779e-12 1.1428227343e+04 3.7318754163e-01 
1.2036390271e-08 1.0086988464e+04 1.0599877671e+00 
3.9633582623e-11 1.0571019136e+04 3.1857220241e-01 
4.1374952255e-09 1.1549958631e+04 8.2625929498e-01 
2.7025844387e-10 1.1234262478e+04 9.7094097114e-01 
2.3500000000e-05 1.0059513023e+04 9.1363393250e-01 
2.3500000000e-05 1.0735676983e+04 2.9295975625e-01 
2.3500000000e-05 1.0484024437e+04 8.5902558337e-01 
4.8645668241e-11 1.0045598436e+04 2.4154465564e-01 
2.0568405866e-08 1.1973063311e+04 8.9845229082e-01 
1.3290479033e-10 1.0411269254e+04 5.8279404112e-01 
3.0433895194e-08 1.0095165687e+04 1.3643478560e+00 
5.7570451094e-11 1.1734042549e+04 9.5770541193e-01 
1.0942981573e-08 1.0613386839e+04 7.6837155807e-01 
3.0787774874e-11 1.1216030163e+04 1.0893682468e+00 
2.3500000000e-05 1.1302846040e+04 8.0469151910e-01 
4.4652510635e-09 1.0337609571e+04 1.2263880101e+00 
4.8967163865e-10 1.1701227130e+04 1.3390922754e+00 
1.1136347402e-08 1.0388013995e+04 5.7308335317e-01 
1.2449935395e-08 1.0368040770e+04 7.3141195408e-01 
3.2639580389e-11 1.0605663713e+04 1.2002252647e+00 
3.6586709015e-10 1.1893838276e+04 1.2344337638e+00 
1.9282445720e-07 1.0313059879e+04 1.1745082222e+00 
9.9110636872e-11 1.0501594868e+04 5.6292811982e-01 
1.0128920982e-10 1.2026937375e+04 5.0558179203e-01 
6.0768250690e-12 1.1368365842e+04 1.4479491041e-01 
1.6090684134e-10 1.1829625203e+04 1.0722200376e+00 
2.3953547382e-09 1.0195020339e+04 5.2735641193e-01 
3.2921658296e-12 1.0153802598e+04 5.3828259206e-01 
1.3175585796e-08 1.1208001359e+04 5.4426352612e-01 
1.8719534328e-09 1.0890761811e+04 2.4866028806e-01 
8.5554251589e-08 1.0305918814e+04 8.7301477042e-01 
3.5877244474e-08 1.2251332272e+04 3.8048934701e-01 
4.7006354332e-10 1.1428717420e+04 8.3327451593e-01 
2.3500000000e-05 1.1448272432e+04 1.7807870243e-01 
4.9285221964e-09 1.2275483967e+04 1.3019773873e+00 
3.1012239557e-12 1.1622558507e+04 9.5252591316e-01 
5.7348301822e-09 1.0435546287e+04 7.6813897316e-01 
6.9913327627e-11 1.1790970139e+04 4.7242976510e-01 
2.3500000000e-05 1.1147399798e+04 7.0402530615e-01 
6.0396721235e-09 1.0169415825e+04 1.2431028735e+00 
1.7892841017e-07 1.0468381203e+04 1.0371852407e+00 
4.0279998157e-09 1.0101516383e+04 5.6858586364e-01 
1.7255742088e-08 1.0113613351e+04 5.1736987992e-01 
2.3500000000e-05 1.0243725089e+04 8.7547085446e-01 
1.8219808175e-07 1.1034988746e+04 5.1686060480e-01 
2.8713122030e-08 1.1139227933e+04 9.2241106326e-01 
2.8815575575e-10 1.2328320020e+04 2.4815872239e-01 
8.2638355976e-10 1.0845398951e+04 1.1410632673e+00 
5.5627788610e-10 1.1519329274e+04 6.7100478190e-01 
1.0850680573e-09 1.1054487566e+04 7.8783172718e-01 
2.3500000000e-05 1.0474032980e+04 5.4797783690e-01 
7.5525716858e-10 1.0350381036e+04 1.5647516330e-01 
2.3500000000e-05 1.1368863612e+04 8.9782761483e-01 
2.3500000000e-05 1.0655269737e+04 3.3355890948e-01 
1.7635240644e-11 1.0627289308e+04 1.2854486837e+00 
1.3316959123e-10 1.1209941971e+04 6.0716875531e-01 
1.0032710968e-07 1.0123862475e+04 4.4115399819e-01 
1.7350295453e-09 1.0588359917e+04 7.4170162192e-01 
6.2396292256e-09 1.2373983058e+04 1.3541772533e+00 
5.7492644884e-08 1.0190392762e+04 1.1311652329e+00 
4.8811703438e-09 1.0807466291e+04 2.8624976778e-01 
8.6326419949e-10 1.0663040459e+04 7.3180781377e-01 
6.9550742426e-09 1.2095307060e+04 1.0096363794e+00 
6.3244150512e-10 1.1554404318e+04 9.0592093311e-01 
9.7410330359e-09 1.0092103317e+04 1.1143277099e+00 
2.3500000000e-05 1.0631131537e+04 1.4319580357e+00 
3.3159130334e-10 1.0614639830e+04 1.0329356498e+00 
5.8495272353e-09 1.0794285097e+04 1.2526018481e+00 
2.3500000000e-05 1.0756007813e+04 1.2661173704e+00 
8.4328927499e-11 1.2274201096e+04 6.9665079498e-01 
9.8426196814e-09 1.0068578023e+04 7.7488072308e-01 
1.8042393086e-11 1.0271236047e+04 6.1362261978e-01 
9.0453866844e-08 1.0119486019e+04 1.0392665006e+00 
3.1181970324e-09 1.2236334384e+04 1.2033777046e+00 
8.2218897275e-08 1.1315013269e+04 9.5318979299e-01 
5.8038213484e-11 1.1076152891e+04 3.2441970498e-01 
6.7540716708e-10 1.1221639868e+04 1.2460883013e+00 
2.1559399631e-10 1.1139044764e+04 9.8299557308e-01 
2.9091004837e-10 1.1927034237e+04 1.2190899258e+00 
2.3500000000e-05 1.1842759412e+04 9.0872878476e-01 
1.5486742645e-10 1.0139823224e+04 1.0339625371e+00 
9.4674527878e-11 1.1892040289e+04 1.0253895229e+00 
7.2420260468e-09 1.1318492499e+04 1.1821851266e+00 
3.3588885952e-09 1.1450900272e+04 2.3975136746e-01 
7.6286935494e-10 1.0176127558e+04 7.7006761444e-01 
1.8557296555e-07 1.0119056892e+04 5.2196351992e-01 
2.6538152279e-10 1.0771517882e+04 6.8675202370e-01 
3.6511906447e-09 1.0604748047e+04 7.1894412885e-01 
2.3144268548e-10 1.0916516297e+04 7.5709624410e-01 
5.7490711725e-08 1.0264119520e+04 1.1748505958e+00 
2.3500000000e-05 1.1519395924e+04 1.1441545742e+00 
7.1018659835e-08 1.0458658667e+04 4.3950604864e-01 
1.2446626091e-08 1.0267167265e+04 1.4772069997e+00 
5.1073265195e-09 1.0944875992e+04 3.8650491610e-01 
5.1881306946e-09 1.1550393564e+04 1.1104079804e+00 
7.2759596812e-10 1.1944640945e+04 6.4100330997e-01 
3.6984905654e-08 1.0806166703e+04 5.0204503687e-01 
2.3336409841e-10 1.1877691742e+04 7.5905000635e-01 
2.1816335121e-08 1.0396876754e+04 8.8645400203e-01 
8.4069105924e-08 1.0316213639e+04 6.0679217181e-01 
2.3500000000e-05 1.0008398193e+04 1.3439418073e+00 
1.5700407505e-07 1.0886712085e+04 1.1453894892e+00 
1.2645071729e-07 1.0203716641e+04 4.1918032071e-02 
3.5467535622e-10 1.0441682751e+04 1.1769601625e+00 
5.8070967757e-09 1.1114738275e+04 8.5790899101e-01 
5.6081995617e-08 1.0545640466e+04 1.2855471514e+00 
1.3781132426e-09 1.1026394804e+04 5.2568331967e-01 
2.3500000000e-05 1.0905773936e+04 1.0633913632e+00 
2.9410012390e-10 1.0147246135e+04 1.0130014121e+00 
8.2590507713e-08 1.0760883557e+04 7.8903843361e-01 
2.1219583339e-08 1.0688835173e+04 8.5612308854e-01 
1.5702834171e-10 1.1246506262e+04 8.5540053135e-01 
5.5872153810e-09 1.0873059145e+04 6.1860373101e-02 
1.0691388871e-09 1.0200855665e+04 1.1903543067e+00 
2.3771693240e-08 1.0481811575e+04 7.1127595226e-01 
1.2686890401e-09 1.0230834353e+04 1.2538977121e+00 
1.3145778540e-11 1.1613260136e+04 1.1762254471e+00 
1.1970275353e-12 1.0725471937e+04 1.1792804864e+00 
5.9467613593e-09 1.1875349111e+04 6.1809611456e-01 
6.5896243600e-09 1.0365321225e+04 4.4482034322e-01 
6.7182706750e-08 1.0805680029e+04 8.8465932564e-01 
5.4283061273e-12 1.0823779552e+04 1.4205957172e+00 
5.8237178988e-10 1.0112263008e+04 6.7058270264e-01 
8.5906446108e-11 1.0261392523e+04 1.0885087408e+00 
3.9549500479e-09 1.0999271660e+04 5.8674919081e-01 
2.7913593280e-10 1.1399617518e+04 9.5648896903e-01 
5.2130345949e-10 1.1352008444e+04 8.5853602939e-01 
2.3500000000e-05 1.1207715232e+04 1.0178330955e+00 
2.3500000000e-05 1.1470550872e+04 1.0002741933e+00 
2.2802507631e-10 1.1317203646e+04 2.2319418758e-01 
8.6434880375e-10 1.1152751365e+04 9.4916932340e-01 
6.3323732707e-11 1.1127625093e+04 1.0433199362e+00 
4.2845018437e-10 1.2286436854e+04 1.3171314303e+00 
6.8137900978e-10 1.0108392893e+04 1.0636411785e+00 
2.3500000000e-05 1.2135238703e+04 5.6428005410e-01 
1.9171498724e-09 1.1703612318e+04 4.7377520749e-01 
2.3500000000e-05 1.1446255812e+04 7.1802499137e-01 
1.0082227864e-09 1.0764826071e+04 6.8338821590e-01 
3.2407079344e-09 1.1295036009e+04 1.1438095160e+00 
3.7394217294e-11 1.2146581861e+04 3.1182670722e-01 
2.0123603589e-07 1.1036272069e+04 7.9970617843e-01 
2.3500000000e-05 1.0006808439e+04 8.5187791657e-01 
2.3500000000e-05 1.0078124321e+04 1.0193051946e+00 
7.7919000265e-11 1.0846447500e+04 1.1454207469e-01 
5.6212728992e-08 1.0358495837e+04 8.7504612512e-01 
1.0296023315e-08 1.1635782262e+04 5.8211812899e-01 
1.9952666751e-07 1.0463268341e+04 1.0882195649e+00 
7.3062052397e-10 1.0553641226e+04 1.5199605809e-01 
5.5572083299e-09 1.0828572944e+04 1.5200964368e+00 
3.8507156534e-10 1.2167998307e+04 1.0572311148e+00 
1.4827002461e-07 1.1480119422e+04 5.7821792319e-01 
8.9782937326e-10 1.0562576126e+04 9.7477664462e-01 
4.6923453359e-11 1.0175158283e+04 5.1122906765e-01 
2.7184119968e-09 1.0578125285e+04 2.0206249863e-01 
8.3263689825e-10 1.0811504624e+04 4.7752809695e-01 
1.3142635063e-11 1.2190379702e+04 4.8401344802e-01 
2.3897533433e-11 1.1499483201e+04 3.0948971300e-01 
1.0197599937e-08 1.0873140359e+04 1.2381359525e+00 
5.7899619659e-10 1.1829127583e+04 2.0422274300e-01 
2.7431844237e-12 1.0774364517e+04 7.9846632758e-01 
3.2263249668e-09 1.1220324838e+04 1.0764740199e+00 
1.7240963433e-09 1.1720846786e+04 7.7764289620e-01 
4.9346598985e-08 1.2078431519e+04 7.2627755569e-01 
1.6157049554e-07 1.0432410528e+04 7.0289501431e-01 
1.8789669835e-08 1.0903904824e+04 3.8739657208e-01 
3.6659055201e-11 1.1082581178e+04 5.9978212679e-01 
4.1024847777e-08 1.0220969930e+04 1.3081681571e+00 
1.7120371048e-12 1.0916907051e+04 1.2749017906e+00 
3.8036169970e-08 1.0119207362e+04 1.0835062738e+00 
5.8521367897e-10 1.1552425248e+04 9.5111165098e-01 
1.4492965939e-07 1.1383849258e+04 5.0768187677e-01 
8.9683177057e-08 1.1715293909e+04 3.9764302805e-01 
1.2922087530e-08 1.1095933920e+04 2.7213068803e-01 
2.3500000000e-05 1.2162317166e+04 1.4284789931e+00 
7.3755363161e-10 1.0653861429e+04 1.1537739973e+00 
2.3500000000e-05 1.2160595645e+04 8.9293284659e-01 
3.9629563147e-10 1.0621167518e+04 1.1084044650e+00 
1.8023611767e-08 1.1416082088e+04 1.0788345499e+00 
1.1275428277e-08 1.1139671677e+04 7.0044906198e-01 
7.4736365979e-08 1.0072620029e+04 7.6156711607e-01 
2.3500000000e-05 1.1394753336e+04 5.0534971591e-01 
5.0005184804e-11 1.0918330011e+04 2.6213001715e-01 
5.3442685595e-08 1.0495514600e+04 4.1913279680e-01 
7.2927708210e-08 1.0192134327e+04 8.2320486672e-01 
2.4911244596e-10 1.1890708806e+04 9.2323953929e-01 
3.6023955069e-11 1.0751987073e+04 8.8038725987e-02 
6.9542943327e-09 1.1030646578e+04 1.0677808948e+00 
2.3831183767e-11 1.0707331066e+04 1.1709705994e+00 
2.3500000000e-05 1.1241646100e+04 8.7243121406e-01 
1.4935933512e-07 1.1771520725e+04 5.7740090551e-01 
6.8620323456e-09 1.0750986320e+04 8.7964667084e-01 
2.2299381248e-10 1.0392813416e+04 4.8584999610e-01 
1.9015736301e-10 1.1185945997e+04 5.6732846957e-01 
1.0666175859e-09 1.0825304455e+04 1.3810091223e+00 
1.8919537776e-10 1.0778384263e+04 4.5167260452e-01 
1.0016154662e-10 1.0521836481e+04 3.5894225624e-01 
2.3500000000e-05 1.0821753827e+04 5.2739978986e-01 
1.9189458377e-09 1.0015564244e+04 1.2977571778e+00 
2.3519708887e-10 1.1295507362e+04 1.4743722085e+00 
7.9221087091e-09 1.0566443515e+04 2.9857953364e-01 
1.2064787725e-09 1.0780290507e+04 1.4577537478e+00 
7.4091253781e-09 1.2169443933e+04 1.1286317868e+00 
1.5493911567e-08 1.0463558394e+04 4.3326063131e-01 
1.4985610477e-09 1.0125089809e+04 6.2446555034e-01 
2.0964432880e-07 1.0034110208e+04 8.7093277330e-01 
3.0877081179e-08 1.0184909498e+04 1.0837445354e+00 
2.4642113611e-10 1.1613035692e+04 1.5298510074e-01 
2.3500000000e-05 1.0980232647e+04 6.6870016500e-01 
2.3500000000e-05 1.0250699057e+04 1.0419744697e+00 
2.3500000000e-05 1.1757655495e+04 1.2290807419e+00 
2.3500000000e-05 1.1236400296e+04 1.3364924829e+00 
2.3500000000e-05 1.2119707093e+04 4.7631121853e-01 
1.0073324992e-10 1.1299138662e+04 1.3822753582e+00 
1.0912905886e-10 1.0949766427e+04 1.5272195646e+00 
9.5692481742e-10 1.0387350339e+04 7.1196467374e-01 
1.5270338836e-08 1.2184265318e+04 3.4361101383e-01 
2.3500000000e-05 1.1868852984e+04 1.1864556471e+00 
1.0949573107e-09 1.0574820350e+04 1.3632991699e+00 
5.7132205406e-11 1.0493772005e+04 6.5680799868e-01 
1.8973910769e-07 1.0242760480e+04 9.3789599258e-01 
1.9697899374e-07 1.0666757740e+04 5.5432924901e-01 
2.3500000000e-05 1.0999753351e+04 6.1244070125e-01 
5.0800825932e-09 1.0516493332e+04 9.2381982735e-01 
1.2989461147e-09 1.0257525382e+04 5.6048666931e-01 
1.5369153239e-09 1.0411077245e+04 6.6332517048e-01 
8.0898672836e-10 1.0444641616e+04 7.1292922165e-01 
7.0664913434e-10 1.1374052047e+04 4.6550469782e-01 
1.7942284365e-08 1.1337188456e+04 1.2152631397e+00 
3.8328084482e-08 1.0486229420e+04 8.7641435111e-01 
1.6957806920e-08 1.0396209754e+04 9.4883544613e-01 
2.3500000000e-05 1.2135827104e+04 9.0977910008e-01 
1.9770612450e-07 1.0641614748e+04 5.4833066189e-01 
3.0146287488e-08 1.2163899443e+04 1.0472927606e+00 
2.6859676640e-09 1.0235628580e+04 9.5661095689e-02 
1.5250283633e-09 1.0613861312e+04 4.4716531508e-01 
6.1697708569e-09 1.0812191064e+04 6.1062060832e-01 
9.6513509363e-10 1.0698954377e+04 4.6465731291e-01 
1.2798039408e-10 1.1642397255e+04 7.2350323957e-01 
1.5931016463e-09 1.1768688624e+04 8.7655396179e-01 
2.0569077183e-08 1.2038394688e+04 9.2865369488e-01 
1.4066931437e-10 1.0531911852e+04 8.6763548621e-01 
7.1237733854e-09 1.1981261516e+04 7.9609794911e-01 
9.7785230159e-11 1.0102172872e+04 9.2554447296e-01 
4.3280095426e-12 1.0251818455e+04 7.4270121157e-01 
2.6974545457e-11 1.0503531169e+04 5.5040061190e-01 
2.3376497616e-09 1.0809855941e+04 5.7121235572e-01 
9.1694099444e-10 1.0451425215e+04 7.5022185223e-01 
2.1916122854e-08 1.0989249546e+04 6.9484085608e-01 
2.0842266401e-09 1.0420948783e+04 4.2368084966e-01 
4.4600661848e-08 1.0190860422e+04 6.6035224046e-01 
8.4038346844e-08 1.0551428193e+04 2.7432257679e-01 
5.7131117180e-10 1.0426019219e+04 5.8065295788e-01 
2.3500000000e-05 1.1316464294e+04 1.9059839977e-01 
5.1982181859e-10 1.2043993933e+04 7.0777481254e-01 
2.7367279919e-08 1.1535623104e+04 5.5707663876e-01 
2.3500000000e-05 1.1384768498e+04 6.9884795990e-01 
1.1708978809e-10 1.1135510280e+04 1.1155015281e+00 
2.1863821558e-09 1.0781879439e+04 1.1349808067e+00 
2.3500000000e-05 1.1905741332e+04 1.2786370450e+00 
2.7287025569e-10 1.0188764246e+04 7.6034063911e-01 
2.2247406629e-10 1.0812697083e+04 3.7025611442e-01 
2.3500000000e-05 1.0846499542e+04 8.3242777711e-01 
2.3500000000e-05 1.0736398640e+04 1.1143120217e+00 
1.6568524641e-08 1.2060556672e+04 5.9353128175e-01 
2.3500000000e-05 1.0727602976e+04 6.0507692581e-01 
1.3952743102e-08 1.1493591373e+04 8.2379090907e-01 
4.2961022362e-12 1.0903202920e+04 2.9064544233e-01 
7.1015647066e-10 1.0794816804e+04 6.4247698792e-01 
1.3292625460e-08 1.0844382365e+04 2.9614770109e-01 
5.4605104924e-10 1.0258761075e+04 3.3701729147e-01 
2.3500000000e-05 1.0675326033e+04 6.9385647784e-01 
2.7402564285e-08 1.0610124769e+04 6.9459620123e-01 
2.3500000000e-05 1.0418853917e+04 1.5264359511e+00 
2.7246767775e-09 1.0124822120e+04 5.9986758160e-01 
2.3500000000e-05 1.0684262075e+04 8.7090251440e-02 
1.5750458933e-08 1.0064394640e+04 4.5655132912e-01 
2.3500000000e-05 1.0253546635e+04 1.2982182426e+00 
3.4463282532e-08 1.1665061548e+04 9.6996781680e-01 
7.5919926675e-11 1.1257240496e+04 1.0444653705e+00 
2.2935133191e-11 1.0548015236e+04 7.5126611460e-01 
2.3181392168e-07 1.1150689820e+04 4.1910320246e-01 
2.3500000000e-05 1.1646063142e+04 8.6653300776e-01 
1.3174885318e-09 1.0178515119e+04 9.0385309341e-01 
1.9484043735e-11 1.1234099770e+04 1.0280033688e+00 
3.3614851530e-08 1.1161099683e+04 9.3924175228e-01 
6.9574733021e-10 1.1161766548e+04 7.8872639840e-01 
2.3500000000e-05 1.0129512875e+04 6.5041374797e-01 
8.4370238701e-11 1.1233812368e+04 6.8059505519e-01 
2.3500000000e-05 1.1046065127e+04 1.2382599765e+00 
2.3500000000e-05 1.0620846653e+04 6.8127598101e-01 
1.2544450147e-09 1.0449493866e+04 3.3362563036e-01 
1.4917636893e-08 1.0273570076e+04 5.6010067737e-01 
2.2204989595e-07 1.1465220052e+04 1.0861371170e+00 
1.4285754980e-09 1.1596478088e+04 3.2372705581e-01 
2.3500000000e-05 1.0829605028e+04 3.9526832788e-01 
2.4984175852e-11 1.0187453362e+04 8.1594628443e-01 
4.3870250826e-09 1.0981978192e+04 1.1259781675e+00 
8.8744046153e-09 1.0102811141e+04 6.2682038245e-01 
5.0162637707e-09 1.0961971671e+04 1.4602993726e+00 
8.5066446899e-11 1.0790247324e+04 5.4542314263e-01 
2.2130793578e-10 1.0291234646e+04 1.1437172282e+00 
2.9663291503e-08 1.0070083464e+04 1.0630329074e+00 
8.8230752489e-09 1.0220867791e+04 7.0782706335e-01 
3.5572049461e-10 1.1269759527e+04 6.5017697067e-01 
2.2041499999e-08 1.1837347225e+04 9.2902543459e-01 
1.5746746323e-10 1.0051657110e+04 6.0141600133e-01 
9.9073791223e-11 1.0803144260e+04 6.5249893597e-01 
1.4564109416e-10 1.2064746162e+04 5.9722512567e-01 
2.3500000000e-05 1.0518342513e+04 1.0724298807e+00 
8.9163920589e-10 1.1179656247e+04 1.5625841736e+00 
2.3500000000e-05 1.2097441004e+04 8.9617166693e-01 
2.3500000000e-05 1.1189682707e+04 1.5257982255e+00 
2.3500000000e-05 1.0126965517e+04 1.1037036251e+00 
1.6367561731e-11 1.0473131591e+04 5.3383297591e-01 
1.7845685389e-10 1.0087704158e+04 6.7394704438e-01 
8.6755900215e-09 1.1328104784e+04 2.5530956367e-01 
5.3237546031e-10 1.1619485247e+04 6.8982880726e-01 
1.0405326025e-09 1.1274937777e+04 9.0903099582e-01 
2.8173828278e-10 1.0303707226e+04 9.3899945623e-01 
1.1678274596e-08 1.0121729032e+04 5.9019925415e-01 
2.2949563927e-12 1.0960601875e+04 3.4134166391e-01 
1.1026070529e-07 1.1927474134e+04 7.0425674431e-01 
2.3500000000e-05 1.0372933543e+04 9.4466835119e-01 
2.3500000000e-05 1.1527094050e+04 8.0603765479e-01 
4.7675656301e-10 1.0424892034e+04 6.3370532923e-01 
2.2265779852e-07 1.0122222468e+04 7.8219974691e-01 
6.4406272098e-08 1.2286341079e+04 5.3962526292e-01 
6.6763329694e-11 1.0244025718e+04 1.4159227825e+00 
3.0277732518e-12 1.0250637210e+04 1.2643531101e+00 
1.4234522290e-10 1.2357390298e+04 1.1900718938e+00 
3.2297559800e-09 1.0233696415e+04 1.6412106665e-01 
7.2946972768e-09 1.0016223940e+04 5.1560548692e-01 
3.4695310536e-09 1.0622547168e+04 9.5800765908e-01 
3.8602553937e-11 1.2303142179e+04 1.0486089495e+00 
5.0026341856e-11 1.0970643272e+04 1.0445618220e+00 
4.9833400070e-11 1.0016025307e+04 4.1310680686e-01 
7.8782715673e-09 1.1803389662e+04 9.0465507950e-01 
6.2514012700e-08 1.1680038842e+04 5.4600833874e-01 
1.5725098711e-12 1.0637242876e+04 9.4991206329e-01 
9.8995236530e-09 1.0325728224e+04 9.6544424583e-01 
7.9495187022e-09 1.1044696752e+04 6.0293476368e-01 
2.3500000000e-05 1.0037404849e+04 5.2530386927e-01 
8.3663935408e-10 1.0701146154e+04 7.2007418493e-01 
1.2745709698e-10 1.0666569675e+04 1.0838905424e+00 
2.3500000000e-05 1.1844188401e+04 6.1947616156e-01 
9.9425836740e-10 1.1053952634e+04 1.1519451406e+00 
1.7251493814e-10 1.0140409404e+04 2.2737933542e-01 
3.9880853926e-10 1.1057858591e+04 8.8339676783e-01 
2.3500000000e-05 1.0722275620e+04 8.3040385481e-01 
2.3500000000e-05 1.0358546758e+04 6.9941657225e-01 
2.3500000000e-05 1.0302930232e+04 8.8242168977e-01 
8.2503802446e-08 1.1772122614e+04 1.1195568645e+00 
3.8529276815e-09 1.0846099001e+04 1.0664525747e+00 
1.9177154982e-10 1.1739402622e+04 3.1889557333e-01 
1.4296767416e-08 1.0869903876e+04 5.3574959456e-01 
2.3500000000e-05 1.1827364920e+04 3.2541544742e-01 
1.3940935708e-09 1.0945027984e+04 1.7862391452e-01 
9.8150921044e-10 1.1406237600e+04 4.9080997631e-01 
2.1750611148e-10 1.1547271760e+04 4.2834429299e-01 
3.8440010648e-11 1.2314934499e+04 7.5448372536e-01 
2.3500000000e-05 1.0098080030e+04 9.4943960687e-01 
1.4317016253e-10 1.1275557615e+04 3.3557272109e-01 
2.3500000000e-05 1.0393166896e+04 8.7040548781e-01 
1.9048815265e-07 1.1562099159e+04 1.2177306425e+00 
1.1461573211e-09 1.0200234822e+04 9.1663543826e-01 
9.1791564286e-11 1.0978427699e+04 8.7734817163e-01 
1.0579904056e-10 1.0176922499e+04 6.9376299039e-01 
2.3500000000e-05 1.1174256247e+04 3.7991228679e-01 
1.0359960724e-09 1.0484818870e+04 5.6783225007e-01 
1.3654818048e-09 1.1151482299e+04 7.7378026612e-02 
9.7091176871e-08 1.0645527739e+04 6.6561711668e-01 
1.5038356239e-10 1.2339778279e+04 5.5639434065e-01 
3.2161995921e-09 1.1775816815e+04 1.3874507892e+00 
2.3500000000e-05 1.1894758563e+04 4.3076364302e-01 
7.9950561303e-11 1.0861308465e+04 1.3431661470e+00 
2.3500000000e-05 1.1859121280e+04 9.8576483900e-01 
3.8663296480e-10 1.2087606071e+04 4.8611210389e-01 
1.2399736931e-08 1.0511786568e+04 1.0257467891e+00 
7.4274140381e-08 1.0532894189e+04 1.0422221782e+00 
1.4782120138e-11 1.1114756559e+04 8.7196667915e-01 
9.6849654765e-11 1.0365093728e+04 1.3661248957e+00 
4.1561282340e-11 1.0913954318e+04 5.7135167796e-01 
1.6724770484e-10 1.0102722867e+04 2.7039564247e-01 
2.3500000000e-05 1.1319768175e+04 7.1561701795e-01 
6.5161175092e-10 1.0939547186e+04 4.2345834744e-01 
2.3500000000e-05 1.1232618835e+04 3.1254410673e-01 
8.1619785183e-11 1.1038740358e+04 9.0172258749e-01 
2.3500000000e-05 1.2090252499e+04 1.1350608178e+00 
8.2455977287e-09 1.1026786641e+04 7.0868838111e-01 
3.8733200232e-09 1.0191262029e+04 1.0131124672e+00 
6.1171585719e-09 1.1609354570e+04 7.6925940647e-01 
7.4064176701e-09 1.0855208274e+04 7.9272968698e-01 
2.3500000000e-05 1.0285518891e+04 9.2207476517e-01 
5.0725343520e-08 1.0140658160e+04 9.7497025008e-01 
8.0265196500e-08 1.0261031326e+04 3.9343044162e-01 
2.3500000000e-05 1.0080695353e+04 1.1373613949e+00 
4.1292008426e-08 1.0839024081e+04 1.0301213297e+00 
2.3896609657e-09 1.0132599499e+04 9.3255978083e-01 
4.0465348939e-10 1.0246426874e+04 1.1882864346e+00 
1.6105749790e-09 1.1878968317e+04 2.8657072051e-01 
7.0458071876e-09 1.0366177613e+04 1.1165237277e+00 
2.3500000000e-05 1.0506155792e+04 2.6266252049e-01 
5.8324663153e-10 1.2220563646e+04 1.3372910153e+00 
