Radius [m]       Fe Area [frac]    Max Temp [k]    
1.1004541229e-04 8.7736981246e-01 2.2241440760e+03 
4.9618464327e-05 8.4231244738e-01 2.1740027926e+03 
7.9553161835e-06 1.0000000000e+00 1.3468576728e+03 
9.9137437822e-05 8.6607446276e-01 2.2117518826e+03 
3.3336907097e-05 5.4908249906e-01 1.7728604446e+03 
4.1168435788e-05 6.8194513767e-01 1.6871556022e+03 
6.0840242672e-05 1.0000000000e+00 1.5499567559e+03 
3.7487675003e-04 9.0484923941e-01 2.3853234317e+03 
9.2888169452e-04 1.0000000000e+00 3.1974986597e+02 
6.1950932751e-05 1.0000000000e+00 3.0000000000e+02 
8.2494884085e-06 1.0000000000e+00 1.3037292633e+03 
5.8489857869e-06 1.0000000000e+00 1.1553555884e+03 
9.3305200849e-05 8.3897070883e-01 2.1707631314e+03 
8.0422846486e-05 7.0774065922e-01 1.9407157456e+03 
3.4995693850e-05 7.1097593030e-01 1.9437791252e+03 
1.0026246628e-04 8.8232287729e-01 2.2336781202e+03 
5.3010314120e-05 8.1178584487e-01 2.0870708473e+03 
7.1422699925e-05 9.2979429821e-01 1.6503449558e+03 
2.2580203360e-05 1.0000000000e+00 1.5415030491e+03 
1.1201262495e-05 1.0000000000e+00 1.3763080830e+03 
5.1089098428e-05 5.7547529701e-01 1.8200650952e+03 
1.3591082916e-04 8.6995919782e-01 2.2145643731e+03 
1.1786440777e-04 8.5515216791e-01 2.1927035318e+03 
7.6463211356e-06 1.0000000000e+00 1.2334260841e+03 
2.7487307531e-05 5.2532656546e-01 1.7961185155e+03 
2.3239780503e-04 9.0753831955e-01 2.5015960238e+03 
2.5360618100e-05 1.0000000000e+00 1.4443383691e+03 
1.4416420565e-05 1.0000000000e+00 1.4288815856e+03 
4.7001347907e-06 1.0000000000e+00 1.1002663799e+03 
2.2227052722e-04 9.0792355262e-01 2.5141740030e+03 
3.7578273283e-04 9.0749087761e-01 2.4282209680e+03 
6.8879839755e-05 8.2885086700e-01 2.1461268353e+03 
2.4359295141e-05 1.0000000000e+00 1.4255699406e+03 
3.7002233669e-05 7.2551838853e-01 1.9683330878e+03 
1.0428244445e-04 8.8620126268e-01 2.2441404386e+03 
2.0989029432e-04 9.0762806011e-01 2.5096141043e+03 
2.5696698158e-05 1.0000000000e+00 3.7056180143e+02 
1.9587720598e-05 1.0000000000e+00 1.1852642343e+03 
3.3484006999e-04 9.0777374190e-01 2.4479074875e+03 
1.2792334455e-05 1.0000000000e+00 1.3765712087e+03 
1.1309404504e-05 1.0000000000e+00 1.3082535102e+03 
6.5306465059e-05 8.5715034918e-01 2.1937460864e+03 
5.2205546834e-05 7.9379433692e-01 2.0672600974e+03 
2.4374494372e-05 1.0000000000e+00 3.0000000000e+02 
2.0464384236e-05 1.0000000000e+00 1.4023951719e+03 
4.3535495211e-05 6.7368138658e-01 1.8895111737e+03 
1.5690950021e-05 1.0000000000e+00 1.5457275375e+03 
1.1765261367e-05 1.0000000000e+00 1.3706299771e+03 
3.3253153191e-05 1.0000000000e+00 1.5258157433e+03 
4.5649962795e-05 8.2257235662e-01 2.1283364966e+03 
7.6311209657e-06 1.0000000000e+00 1.3061584381e+03 
9.2888169452e-04 1.0000000000e+00 3.0000000000e+02 
4.0836528542e-05 1.0000000000e+00 1.5558183053e+03 
1.3030246326e-05 1.0000000000e+00 1.5677110256e+03 
1.8704186297e-05 1.0000000000e+00 1.4341947504e+03 
7.0903377920e-05 8.7500225360e-01 2.2362353512e+03 
1.1931884819e-04 8.0143861931e-01 2.0738189893e+03 
1.0685505520e-04 8.8476310662e-01 2.2357393770e+03 
3.3340586058e-04 9.0873085233e-01 2.5047499067e+03 
5.8924800779e-06 1.0000000000e+00 1.3027230417e+03 
8.7630901806e-05 8.8384958467e-01 2.2737911952e+03 
1.1944466292e-04 8.4320746535e-01 2.1259036739e+03 
4.2568897688e-05 1.0000000000e+00 1.3296028230e+03 
2.6110921196e-05 6.7395208315e-01 1.9135203853e+03 
6.4898960425e-05 7.6975563393e-01 2.0419518340e+03 
1.2065303400e-04 8.6137542738e-01 2.2029864124e+03 
9.6658774961e-05 8.8497026005e-01 2.2576900928e+03 
5.4875094803e-05 7.9923039871e-01 2.0717202086e+03 
8.9142001270e-06 1.0000000000e+00 1.4114850537e+03 
3.1787687274e-05 5.8285684838e-01 1.7394503497e+03 
3.3044443559e-04 9.0607949012e-01 2.4189852791e+03 
1.3949527469e-05 1.0000000000e+00 1.5097896478e+03 
1.1622695868e-04 6.1103853375e-01 1.7243912127e+03 
4.4270152992e-05 6.4368215827e-01 1.7035388314e+03 
2.0843853311e-05 1.0000000000e+00 1.4342322670e+03 
3.3713999856e-05 5.8569671418e-01 1.7399354198e+03 
1.9908804638e-05 1.0000000000e+00 1.4497831917e+03 
9.4910293573e-06 1.0000000000e+00 1.3671245077e+03 
5.8842388251e-05 8.3254987724e-01 2.1598196178e+03 
7.2197310068e-05 7.2287279572e-01 1.9407689453e+03 
8.4436572848e-05 8.6896269823e-01 2.2148831705e+03 
5.9937754221e-05 5.2286631616e-01 1.8046096890e+03 
1.3829288370e-04 7.5692970926e-01 2.0155133735e+03 
5.9275141600e-05 8.6267356568e-01 2.1897281702e+03 
2.9788971315e-05 6.5272563220e-01 1.6961966385e+03 
4.2517257284e-05 5.7304597729e-01 1.7492787833e+03 
2.3936388911e-04 9.0605421177e-01 2.4736377921e+03 
2.9113917569e-04 9.0706089652e-01 2.4463825251e+03 
3.9973208953e-04 9.0449813371e-01 2.3746394801e+03 
1.1881681178e-04 8.7157618006e-01 2.2036975571e+03 
1.1230426330e-04 8.3686988110e-01 2.1439638542e+03 
8.8335694825e-06 1.0000000000e+00 1.0927809922e+03 
2.7544959192e-05 1.0000000000e+00 1.6324460206e+03 
7.1862242095e-06 1.0000000000e+00 1.4039747364e+03 
1.2538058158e-05 1.0000000000e+00 1.2073423076e+03 
4.8723257129e-05 7.2569652729e-01 1.9488060235e+03 
6.5072063844e-06 1.0000000000e+00 1.3241157995e+03 
8.0782121610e-05 5.4296516061e-01 1.7851033101e+03 
1.1056090474e-05 1.0000000000e+00 1.4213718456e+03 
5.3338809896e-05 7.4436046131e-01 2.0041360975e+03 
2.0960654905e-05 1.0000000000e+00 1.5043974139e+03 
4.0391408207e-04 9.0603536774e-01 2.3926462546e+03 
2.9856425138e-04 9.0908178388e-01 2.5194804015e+03 
3.5500095321e-04 9.0677057015e-01 2.4174187767e+03 
1.1837831005e-05 1.0000000000e+00 1.3980217546e+03 
7.1550888152e-05 8.4230595919e-01 2.1741329472e+03 
1.6546002992e-05 1.0000000000e+00 1.4948145945e+03 
1.0124889616e-04 1.0000000000e+00 4.3997963019e+02 
1.2521505138e-05 1.0000000000e+00 1.3858398015e+03 
7.2676786058e-05 8.0511940258e-01 2.0792854346e+03 
1.0163978774e-05 1.0000000000e+00 1.1993791728e+03 
2.8028094968e-04 9.0752371233e-01 2.4667059559e+03 
5.3394395123e-05 1.0000000000e+00 1.4693775258e+03 
2.5560701413e-05 1.0000000000e+00 8.5406067506e+02 
7.0940894588e-05 8.4607968459e-01 2.1445419944e+03 
7.5765778060e-05 8.1225385799e-01 2.0898558414e+03 
1.0363806708e-05 1.0000000000e+00 1.0566491831e+03 
2.3193931770e-05 1.0000000000e+00 1.3321372755e+03 
1.8843953133e-04 8.2135169787e-01 2.1009682280e+03 
1.5005334048e-05 1.0000000000e+00 1.4750251792e+03 
1.5069632816e-05 1.0000000000e+00 1.6471382289e+03 
5.9178074363e-06 1.0000000000e+00 1.3097262322e+03 
1.7637111645e-05 1.0000000000e+00 1.4302623750e+03 
4.5452944830e-05 6.6699135462e-01 1.8711922612e+03 
4.8242707940e-06 1.0000000000e+00 1.1094555369e+03 
6.2873931412e-05 8.5427470739e-01 2.1926540857e+03 
4.1027551904e-05 7.4176221745e-01 1.9852635044e+03 
1.1850403031e-04 8.6761841874e-01 2.2149242903e+03 
5.5527824115e-05 8.7132165659e-01 2.2227000299e+03 
2.6033815352e-05 7.3001407568e-01 1.6667673856e+03 
2.4368783682e-04 9.0953278026e-01 2.5155355177e+03 
5.5184475792e-05 1.0000000000e+00 1.4124075659e+03 
4.7291398193e-06 1.0000000000e+00 1.0940566022e+03 
5.9910410279e-05 7.2348206209e-01 1.9456863448e+03 
1.3343682779e-05 1.0000000000e+00 1.5847401446e+03 
2.8410215652e-04 9.0800125812e-01 2.4907494767e+03 
5.9052152152e-05 1.0000000000e+00 1.4512926843e+03 
1.5061281473e-04 8.6536091404e-01 2.2102852121e+03 
5.3361794503e-05 7.1681317965e-01 1.9293601753e+03 
7.8385288742e-05 8.5666603086e-01 2.1900883290e+03 
3.7975800807e-04 9.0635979784e-01 2.4066117658e+03 
9.9064178905e-05 8.8746061541e-01 2.2569353770e+03 
8.8917763278e-05 8.4486082689e-01 2.1747887462e+03 
2.2659664608e-05 6.2850914064e-01 1.8662807673e+03 
3.0428769185e-05 1.0000000000e+00 1.4541884622e+03 
2.8895131074e-05 5.5278170354e-01 1.7661142102e+03 
3.5963964940e-05 5.6517352973e-01 1.7555922069e+03 
3.2801356030e-04 9.0812149860e-01 2.4594997684e+03 
3.2024662430e-05 5.5028462826e-01 1.7741453678e+03 
2.8493886486e-04 9.0622319709e-01 2.4360662903e+03 
3.0591998721e-04 9.0870872473e-01 2.5147908221e+03 
8.4410844837e-06 1.0000000000e+00 8.8543677050e+02 
1.6545795621e-05 1.0000000000e+00 1.5724596913e+03 
1.0592056070e-04 8.8333427143e-01 2.2344866396e+03 
4.2407775920e-05 5.3904338294e-01 1.7854084316e+03 
5.9702251749e-05 1.0000000000e+00 6.2230074212e+02 
1.2883276137e-04 7.3505741928e-01 1.9591787559e+03 
5.3939616626e-05 8.3859545950e-01 2.1318455551e+03 
3.2617139790e-05 6.3793417521e-01 1.7043199051e+03 
6.3376647141e-05 7.4308909184e-01 2.0092884080e+03 
2.9014297634e-05 6.8880080731e-01 1.6789501344e+03 
7.2791663993e-05 6.5693670104e-01 1.6974453938e+03 
9.2888169452e-04 1.0000000000e+00 3.0000000000e+02 
2.2444644682e-05 1.0000000000e+00 1.4253081501e+03 
5.8419606793e-05 1.0000000000e+00 1.4872217278e+03 
5.5733286602e-04 8.8247269247e-01 2.2321083002e+03 
1.4199814060e-05 1.0000000000e+00 1.5945728150e+03 
7.1276389866e-05 7.4985861165e-01 1.9810742229e+03 
8.5055397074e-06 1.0000000000e+00 1.2597922939e+03 
1.4167089561e-04 8.5097066044e-01 2.1562352557e+03 
4.8460088721e-05 7.7574945269e-01 1.6567669210e+03 
1.0414969746e-04 8.6228958688e-01 2.1979915558e+03 
1.2551514048e-05 1.0000000000e+00 1.5149339346e+03 
2.8452704794e-05 1.0000000000e+00 1.3146739892e+03 
1.9442814678e-05 1.0000000000e+00 1.4621858751e+03 
2.1487481783e-05 1.0000000000e+00 1.3377787797e+03 
2.5153465039e-04 9.0623595917e-01 2.4632449137e+03 
1.7414977636e-05 1.0000000000e+00 1.2996003548e+03 
1.4779408084e-05 1.0000000000e+00 1.4119966928e+03 
6.6358243774e-05 6.3320047203e-01 1.7062006398e+03 
4.5509278625e-05 8.3322838291e-01 2.1510648175e+03 
2.9586066532e-05 1.0000000000e+00 1.6202821405e+03 
1.2162354173e-04 8.8761055758e-01 2.2379956403e+03 
2.0818626590e-05 1.0000000000e+00 1.5868397874e+03 
5.1797009021e-05 7.0366914093e-01 1.9206263083e+03 
1.9897015830e-05 1.0000000000e+00 1.5594409987e+03 
1.3043258182e-04 6.8662418441e-01 1.8917459352e+03 
3.3466634586e-04 8.9911578216e-01 2.3622791124e+03 
9.2990483297e-05 8.8018210349e-01 2.2280757700e+03 
7.5154501408e-05 1.0000000000e+00 3.0000000000e+02 
5.4193779813e-05 8.3818391436e-01 2.1378700334e+03 
6.1182136144e-05 5.3443897014e-01 1.7865849705e+03 
3.0760507746e-05 6.3996677910e-01 1.8672423616e+03 
7.8856770716e-05 8.7112443785e-01 2.2144195008e+03 
2.0431364081e-05 7.7341868622e-01 1.6568334156e+03 
9.1271808268e-05 8.1542118807e-01 2.0924741987e+03 
1.0350316416e-04 8.7888195069e-01 2.2272424827e+03 
9.2888169452e-04 1.0000000000e+00 7.6338314203e+02 
1.5963607751e-04 8.4704816797e-01 2.1752960164e+03 
1.0400382491e-04 8.8850714918e-01 2.2355835114e+03 
2.2955153609e-05 1.0000000000e+00 1.2868134128e+03 
5.9886463500e-05 7.3715579805e-01 1.9843939214e+03 
1.2397044567e-04 1.0000000000e+00 1.6053744196e+03 
3.7745746289e-05 6.7088934798e-01 1.8913183382e+03 
3.5878383638e-04 9.0299046895e-01 2.3789021971e+03 
2.1565527525e-05 1.0000000000e+00 1.3792189397e+03 
1.0283460929e-04 8.7200157336e-01 2.2163636775e+03 
8.6704953719e-05 8.4260276499e-01 2.1496674218e+03 
1.7490541309e-05 1.0000000000e+00 1.5048343681e+03 
5.3274988988e-05 8.4637742853e-01 2.1711424950e+03 
3.3159619457e-05 1.0000000000e+00 1.3602727926e+03 
8.4057725079e-05 8.5580993330e-01 2.1910171805e+03 
3.5106587471e-05 1.0000000000e+00 1.2747756201e+03 
7.6536139245e-06 1.0000000000e+00 1.0753793968e+03 
3.4432812454e-06 1.0000000000e+00 8.3011653021e+02 
5.1208701891e-05 8.3525806048e-01 2.1637838531e+03 
6.1283082192e-05 8.1250260131e-01 2.0903980763e+03 
1.0484764311e-04 8.6358191730e-01 2.2061381673e+03 
5.6993574283e-06 1.0000000000e+00 3.0000000000e+02 
2.7042913317e-05 1.0000000000e+00 1.6159161321e+03 
1.4309117374e-05 1.0000000000e+00 1.2147676046e+03 
5.2137437815e-05 7.7613869421e-01 2.0419729788e+03 
2.1183456411e-05 1.0000000000e+00 1.5337263272e+03 
2.6732653149e-05 7.6929240844e-01 1.6595305846e+03 
3.1963496619e-04 9.0427733040e-01 2.4022283212e+03 
2.9388648613e-04 9.0452107613e-01 2.4147303552e+03 
2.1095542445e-05 6.0950832099e-01 1.7204944957e+03 
3.1162150502e-05 8.6621856505e-01 1.6510630620e+03 
1.2925828091e-05 1.0000000000e+00 1.2914496132e+03 
2.4447693118e-05 1.0000000000e+00 1.1059636220e+03 
2.8534773456e-05 1.0000000000e+00 1.4300540319e+03 
2.0730375040e-04 9.0886750499e-01 2.5299188832e+03 
4.0927397920e-05 7.7264752433e-01 2.0476827547e+03 
2.6243718824e-04 9.0801845804e-01 2.4994749740e+03 
3.5076065936e-05 5.6685669909e-01 1.7550053427e+03 
4.9050938244e-05 7.8065913456e-01 1.6578088523e+03 
1.0833723561e-05 1.0000000000e+00 1.5696375216e+03 
1.1354237674e-04 8.8125578163e-01 2.2254833066e+03 
3.9898794605e-04 9.0652600054e-01 2.4033801095e+03 
4.2594980873e-04 9.0448042869e-01 2.3668963273e+03 
1.3843813450e-05 1.0000000000e+00 1.5442379493e+03 
1.0920980023e-04 8.6040926729e-01 2.2012298740e+03 
5.6865927949e-05 8.4888078846e-01 2.1821251426e+03 
1.6323437245e-04 8.6096783040e-01 2.2026008537e+03 
3.1874176766e-05 5.3053300228e-01 1.7950623566e+03 
5.7441178674e-05 1.0000000000e+00 3.0000000000e+02 
2.3567916830e-05 1.0000000000e+00 1.5744230842e+03 
8.7909289668e-05 8.8394466155e-01 2.2543605931e+03 
3.1258878523e-05 1.0000000000e+00 1.5767196572e+03 
1.1696607653e-05 1.0000000000e+00 1.3703975026e+03 
4.6238792105e-05 7.6140394930e-01 2.0114769907e+03 
3.3311911670e-05 5.2877970933e-01 1.7957171943e+03 
7.6524075388e-06 1.0000000000e+00 1.4245410601e+03 
9.3397289031e-06 1.0000000000e+00 1.4571887886e+03 
7.0240628979e-05 1.0000000000e+00 1.5954823420e+03 
2.8186142874e-05 6.7938703307e-01 1.9178413985e+03 
4.5396543050e-06 1.0000000000e+00 1.0788620164e+03 
5.1089583154e-05 6.0514964648e-01 1.7242791294e+03 
4.0594019027e-05 6.7591552070e-01 1.9110992301e+03 
6.9489942224e-05 8.6670833508e-01 2.1974298727e+03 
1.1826533864e-04 8.8280850739e-01 2.2298688722e+03 
6.7202602837e-05 8.6412239117e-01 2.2068907015e+03 
1.0772327007e-05 1.0000000000e+00 1.4137269339e+03 
1.1184161468e-04 1.0000000000e+00 1.4076812161e+03 
3.8794977815e-06 1.0000000000e+00 7.6612245008e+02 
1.1239701810e-04 7.3052485633e-01 1.9503668798e+03 
2.7051365764e-05 1.0000000000e+00 1.6436740493e+03 
8.7511978365e-05 8.8507555950e-01 2.2573814128e+03 
7.2534332244e-05 8.8201135716e-01 2.2523462026e+03 
5.9730161231e-05 8.6084795700e-01 2.2004057114e+03 
9.2888169452e-04 1.0000000000e+00 3.0000000000e+02 
2.9298809338e-05 1.0000000000e+00 1.4093075669e+03 
2.2773673601e-04 9.0632992877e-01 2.4864284754e+03 
2.3819499500e-05 1.0000000000e+00 1.3859110235e+03 
8.7073829781e-05 7.4692168882e-01 2.0050830298e+03 
6.6395682710e-05 8.4267968956e-01 2.1694773741e+03 
1.1298281430e-04 8.7197923152e-01 2.2211014464e+03 
2.5478742151e-04 9.0910262000e-01 2.5220374952e+03 
1.1945002356e-05 1.0000000000e+00 1.4885486089e+03 
8.7330913629e-05 8.7798618820e-01 2.2246068257e+03 
1.1389014847e-04 8.6820544188e-01 2.2152776395e+03 
2.0378939199e-05 1.0000000000e+00 1.5883855452e+03 
1.0709319244e-05 1.0000000000e+00 1.4457062864e+03 
6.6793266524e-05 5.6479961464e-01 1.8187444567e+03 
9.3322490455e-06 1.0000000000e+00 1.0671803587e+03 
2.9174958566e-04 9.0646380600e-01 2.4377271929e+03 
8.2050866958e-05 8.8318735294e-01 2.2631170676e+03 
6.3646234019e-05 7.1937143809e-01 1.9492314825e+03 
1.9649010246e-05 1.0000000000e+00 1.5786621675e+03 
1.8611829909e-05 1.0000000000e+00 1.6254698488e+03 
3.3134012380e-05 1.0000000000e+00 3.0000000000e+02 
1.8590920366e-05 1.0000000000e+00 1.6078468303e+03 
1.5055686186e-05 1.0000000000e+00 1.5171752119e+03 
2.9917104863e-04 9.0876136908e-01 2.5000058690e+03 
4.0298786217e-05 1.0000000000e+00 1.1752333536e+03 
2.0017742463e-05 1.0000000000e+00 3.0000000000e+02 
6.0721312510e-05 8.4907421248e-01 2.1736142990e+03 
3.4523197432e-05 1.0000000000e+00 3.0000000000e+02 
6.6375027179e-05 6.5514899048e-01 1.8879491456e+03 
7.1097354551e-05 8.5943904688e-01 2.1995894509e+03 
3.9935995047e-05 5.7464108472e-01 1.7521660946e+03 
1.4632735610e-04 8.7909615753e-01 2.2317189327e+03 
1.0531742667e-04 7.1274460193e-01 1.9246927744e+03 
2.2050817727e-05 5.4935408798e-01 1.7691728677e+03 
2.9463126215e-04 9.0833780998e-01 2.4870677949e+03 
4.1521719126e-04 9.0394214905e-01 2.3657142749e+03 
3.7774982717e-04 8.9085408059e-01 2.3092114806e+03 
9.2888169451e-04 1.0000000000e+00 1.0271836452e+03 
2.0554219990e-04 9.0931283628e-01 2.5363192037e+03 
1.5089055830e-05 1.0000000000e+00 3.0000000000e+02 
1.5497129190e-05 1.0000000000e+00 3.0000000000e+02 
3.3548860375e-05 6.6108623654e-01 1.6928871442e+03 
4.9745076169e-05 8.6193394108e-01 2.1897656272e+03 
3.2829478087e-04 8.9586599220e-01 2.3469180548e+03 
3.3424904833e-05 1.0000000000e+00 4.6555821892e+02 
1.2489712278e-05 1.0000000000e+00 1.3895118157e+03 
1.4478684733e-04 8.7436989187e-01 2.2239300837e+03 
1.1040009047e-04 8.8765207732e-01 2.2458281676e+03 
2.8969501050e-04 9.0853304478e-01 2.4994774589e+03 
5.9263008077e-05 6.1400483172e-01 1.8359443604e+03 
3.8297960327e-05 5.5616353465e-01 1.7685532969e+03 
4.0630027931e-05 5.4660600901e-01 1.7778887759e+03 
3.1393068199e-05 7.0324193467e-01 1.6784329394e+03 
3.0607963464e-05 6.2424522310e-01 1.8479913993e+03 
9.1833065158e-05 5.5786744233e-01 1.7635402516e+03 
1.0022067812e-04 8.5377081882e-01 2.1841220986e+03 
8.5296569066e-05 7.5470396268e-01 1.9969172865e+03 
2.3129762797e-04 9.0613158340e-01 2.4802942707e+03 
1.1088873960e-04 8.8773446223e-01 2.2458069461e+03 
8.5924454263e-05 8.3146974188e-01 2.1615470436e+03 
4.6324579046e-05 7.4118288870e-01 1.9706329419e+03 
3.9106669482e-05 6.6580130585e-01 1.8771316346e+03 
5.9974747286e-05 8.0748764800e-01 2.0825892001e+03 
3.5089968089e-05 5.2034611376e-01 1.8063654617e+03 
1.6326434706e-05 1.0000000000e+00 1.5743503988e+03 
4.0219361004e-05 6.1649347916e-01 1.8483904901e+03 
7.2731560965e-05 8.3892516955e-01 2.1712244012e+03 
1.6864859644e-05 1.0000000000e+00 1.4162490101e+03 
5.7028078113e-05 8.2773039248e-01 2.1495998022e+03 
1.4940331597e-05 1.0000000000e+00 1.3098852751e+03 
5.2848644012e-06 1.0000000000e+00 1.0968942122e+03 
9.7256477856e-06 1.0000000000e+00 1.3372146868e+03 
4.4541687455e-05 7.1169976171e-01 1.9357318713e+03 
3.2784360478e-05 6.9636712953e-01 1.6807083305e+03 
7.5452671387e-05 8.5665927320e-01 2.1968217836e+03 
4.3044003597e-05 6.9739595377e-01 1.9077784025e+03 
9.6406449407e-05 8.6815907610e-01 2.2164113214e+03 
9.1195224038e-05 8.8378999688e-01 2.2269879285e+03 
2.7865115917e-05 7.1743141479e-01 1.6745198556e+03 
2.5320232806e-04 9.0931643404e-01 2.5083892005e+03 
2.8539315807e-05 5.2099494760e-01 1.8007580961e+03 
6.6174831712e-05 8.6546114040e-01 2.1986069907e+03 
2.6566338911e-04 9.0826525328e-01 2.5003850262e+03 
1.5865078749e-05 1.0000000000e+00 1.2989589631e+03 
4.2058056447e-05 1.0000000000e+00 1.5680218103e+03 
4.7825902732e-04 8.7272382095e-01 2.2343856193e+03 
2.1029411575e-05 1.0000000000e+00 1.5004946112e+03 
1.9601279423e-05 1.0000000000e+00 1.6461440724e+03 
3.1958250073e-04 9.0681765649e-01 2.4334850721e+03 
3.9371186659e-04 9.0167409906e-01 2.3540753233e+03 
5.6168914464e-05 8.5617874903e-01 2.1868563928e+03 
3.1099766350e-04 9.0853880102e-01 2.4836200831e+03 
6.9546720170e-05 8.3995075658e-01 2.1700075084e+03 
5.2718417981e-06 1.0000000000e+00 1.2267665378e+03 
3.0876436871e-05 6.0204603646e-01 1.7260475772e+03 
6.3074858918e-05 8.6015991691e-01 2.2018997979e+03 
2.7907510811e-05 6.5020093770e-01 1.6991990154e+03 
3.2053350647e-04 9.0769147997e-01 2.4494832581e+03 
8.3618289883e-05 8.5979345130e-01 2.2014029837e+03 
9.2888169452e-04 1.0000000000e+00 3.0000000000e+02 
4.7671187327e-05 6.4959807171e-01 1.8579919077e+03 
3.0008715932e-04 9.0894570661e-01 2.4892201176e+03 
7.6461933975e-05 8.5682319207e-01 2.1882964377e+03 
8.0797637946e-04 8.5037350845e-01 2.1901111088e+03 
8.7180383277e-05 8.4547467668e-01 2.1778730183e+03 
1.3731559747e-05 1.0000000000e+00 1.3200298783e+03 
9.2137690598e-06 1.0000000000e+00 1.2714295374e+03 
9.8225127280e-05 8.9025197380e-01 2.2797424792e+03 
2.6090360631e-04 9.0707106149e-01 2.4700796662e+03 
3.5493179576e-05 1.0000000000e+00 1.6242928151e+03 
8.7263109701e-06 1.0000000000e+00 1.1980110201e+03 
9.2127904836e-05 8.4772970136e-01 2.1800284019e+03 
3.0431515012e-05 6.2854853884e-01 1.7090265921e+03 
3.6557909350e-04 9.0775918932e-01 2.4373731738e+03 
1.4219604867e-05 1.0000000000e+00 1.4985316810e+03 
4.6280084789e-04 8.9000661884e-01 2.2802382800e+03 
3.2419754603e-04 9.0777420002e-01 2.4494329621e+03 
3.6996073600e-05 6.3119881730e-01 1.8480032081e+03 
7.5497348783e-05 8.5319920901e-01 2.1787959304e+03 
1.3758759488e-04 8.6350063751e-01 2.1966388700e+03 
3.7309358178e-05 7.5450501609e-01 2.0197876370e+03 
2.9374112366e-04 9.0874851487e-01 2.5168530827e+03 
9.4803826896e-06 1.0000000000e+00 1.2265669864e+03 
5.5432744160e-05 6.8200392570e-01 1.6839423805e+03 
6.8263049843e-05 7.8222337404e-01 2.0426114750e+03 
5.5513409979e-05 1.0000000000e+00 3.0000000000e+02 
1.4259298707e-05 1.0000000000e+00 1.4913538396e+03 
1.9615653817e-05 1.0000000000e+00 1.2618208624e+03 
1.0381129606e-04 7.1724833902e-01 1.9284472560e+03 
6.8350240431e-05 7.6965956647e-01 2.0199296292e+03 
2.4051423123e-05 6.7197822777e-01 1.6874121135e+03 
7.6188221666e-05 8.3989835691e-01 2.1716718622e+03 
1.7509703281e-05 1.0000000000e+00 1.4713012767e+03 
1.5003007851e-05 1.0000000000e+00 1.4825211582e+03 
1.7711059713e-05 7.0562490706e-01 1.6712777735e+03 
3.9864871157e-04 9.0280734415e-01 2.3640573713e+03 
3.1212903454e-05 1.0000000000e+00 3.0000000000e+02 
2.3232043722e-04 9.0622799261e-01 2.4817469508e+03 
9.2888169452e-04 1.0000000000e+00 3.0000000000e+02 
4.5079931714e-04 9.0219282348e-01 2.3397898240e+03 
8.2337542479e-06 1.0000000000e+00 1.2853351240e+03 
1.8255539806e-05 1.0000000000e+00 1.4689142126e+03 
5.3665128544e-05 8.5462488753e-01 2.1900641065e+03 
2.8460674354e-05 5.5435006177e-01 1.7644980561e+03 
3.4843142535e-05 6.2420499987e-01 1.7113907538e+03 
2.1258058749e-05 1.0000000000e+00 1.4342814922e+03 
7.3925050472e-05 8.2702942184e-01 2.1093800517e+03 
4.2775577013e-06 1.0000000000e+00 1.1687083484e+03 
7.9743768844e-05 8.7730245121e-01 2.2372360781e+03 
3.7946183160e-04 9.0586005750e-01 2.3958155195e+03 
2.6362889156e-04 9.0734771165e-01 2.4840425962e+03 
2.5280900547e-05 1.0000000000e+00 1.6387142020e+03 
1.3854599302e-04 8.8300975502e-01 2.2338977511e+03 
6.2753182700e-05 8.7505690578e-01 2.2398108029e+03 
1.3155795469e-05 1.0000000000e+00 3.0000000000e+02 
4.6915055334e-06 1.0000000000e+00 7.8109104331e+02 
1.6932175692e-05 1.0000000000e+00 1.3422789908e+03 
4.9060664656e-05 7.5697980821e-01 1.9964776857e+03 
6.4000944652e-05 7.7954293007e-01 2.0375715206e+03 
5.3095886312e-05 5.5851346783e-01 1.7642047129e+03 
1.0959848623e-05 1.0000000000e+00 1.3366381205e+03 
1.1949143066e-05 1.0000000000e+00 1.2547628529e+03 
1.1933534018e-05 1.0000000000e+00 1.3771879135e+03 
6.4896669058e-05 8.0892844865e-01 2.0877000048e+03 
7.2345763500e-05 8.7586811901e-01 2.2209741996e+03 
3.7711074793e-06 1.0000000000e+00 9.7062209678e+02 
7.2714459741e-05 6.7854403373e-01 1.8849118465e+03 
6.1154254701e-05 8.3977211874e-01 2.1556793248e+03 
3.6577153872e-04 9.0787049873e-01 2.4472844215e+03 
3.2366401960e-05 6.2812538818e-01 1.7091835655e+03 
1.6320156202e-05 1.0000000000e+00 1.2918832200e+03 
2.2847672283e-04 9.0875343579e-01 2.5241821645e+03 
3.2360933352e-05 1.0000000000e+00 1.4828276436e+03 
1.8042718997e-05 1.0000000000e+00 1.5570363857e+03 
2.3845827699e-05 1.0000000000e+00 1.5838697953e+03 
3.3005287968e-04 9.0670257268e-01 2.4300916453e+03 
3.4875942707e-04 9.0749530057e-01 2.4387707990e+03 
3.7523013132e-04 9.0650922099e-01 2.4070886917e+03 
1.1870918674e-04 8.4073589628e-01 2.1718407987e+03 
5.3980925545e-05 6.1945643800e-01 1.7149320906e+03 
2.0019522636e-05 5.9133811337e-01 1.7323618686e+03 
6.7411972673e-05 8.5581837423e-01 2.1930735617e+03 
2.2033785058e-04 9.0937585409e-01 2.5328314780e+03 
3.7403735992e-05 7.1993700494e-01 1.9523108709e+03 
3.3719494010e-05 6.6878138579e-01 1.8956181147e+03 
2.0678142148e-05 6.2416003403e-01 1.7102016639e+03 
1.0941926699e-05 1.0000000000e+00 1.4855862363e+03 
4.0705876143e-04 9.0569924664e-01 2.3858881791e+03 
1.6919844921e-05 1.0000000000e+00 1.6455956178e+03 
3.6498556359e-04 9.0652338227e-01 2.4123519744e+03 
1.7544337059e-04 8.2840938412e-01 2.1430304679e+03 
3.3898333713e-05 1.0000000000e+00 1.6024576428e+03 
1.4628015496e-05 1.0000000000e+00 1.4096906192e+03 
1.5337192524e-05 1.0000000000e+00 1.4134616710e+03 
2.6704404451e-04 9.0909257391e-01 2.4936249120e+03 
3.5470316791e-05 5.6023057108e-01 1.7630603254e+03 
3.6972849283e-05 7.3612101102e-01 1.9826758968e+03 
1.0178155315e-04 8.7910162061e-01 2.2226152263e+03 
1.8337060917e-05 6.1386213650e-01 1.7138140827e+03 
4.7868753035e-05 1.0000000000e+00 3.0000000000e+02 
2.1852646685e-04 9.0930406542e-01 2.5254826192e+03 
1.3970489479e-05 1.0000000000e+00 7.2445355036e+02 
2.6084707767e-04 9.0438736749e-01 2.4294552604e+03 
2.5221782209e-05 5.9836973770e-01 1.8383698523e+03 
7.8353930009e-05 6.7956933585e-01 1.8889807308e+03 
1.2887013963e-04 8.4841639171e-01 2.1696092611e+03 
7.9588376622e-06 1.0000000000e+00 1.2368271604e+03 
1.4892598317e-05 1.0000000000e+00 4.2412592279e+02 
1.1232525556e-05 1.0000000000e+00 1.4178656410e+03 
1.7859080647e-05 1.0000000000e+00 1.5448279899e+03 
2.7172243685e-04 9.0791805092e-01 2.4950066798e+03 
3.0652587051e-05 5.3330515960e-01 1.7889274033e+03 
2.6101567570e-04 9.0897406581e-01 2.4991070155e+03 
1.4066598168e-05 1.0000000000e+00 1.3911317904e+03 
2.8278878246e-04 8.9942347177e-01 2.3817506556e+03 
6.4872656356e-05 8.3320481777e-01 2.1164908544e+03 
5.3191704658e-05 6.8148338421e-01 1.6865912546e+03 
5.8472495640e-05 8.2263091118e-01 2.1093759099e+03 
6.4387259526e-05 7.7026331356e-01 2.0314849971e+03 
3.8354236057e-04 9.0617307515e-01 2.3982052839e+03 
1.2009298106e-04 8.4469230618e-01 2.1280998099e+03 
9.7893551598e-05 8.8210498221e-01 2.2315594730e+03 
4.7270672527e-04 9.0059371627e-01 2.3232650835e+03 
1.1012371022e-04 8.3747494387e-01 2.1279469800e+03 
4.4863395981e-05 7.2103423284e-01 1.6746787254e+03 
2.3986383488e-05 1.0000000000e+00 1.2687558603e+03 
3.8293986900e-05 8.0231585652e-01 2.0807777847e+03 
6.4918872705e-05 6.8218407543e-01 1.6855498353e+03 
3.1650904428e-04 9.0887570916e-01 2.5139158433e+03 
2.7094960984e-05 1.0000000000e+00 9.0154851045e+02 
