Radius [m]       Fe Area [frac]    Max Temp [k]    
1.5544144340e-05 7.3426815079e-01 2.2368297438e+03 
3.9228384430e-05 6.8752224080e-01 2.1338568356e+03 
1.1915318053e-05 7.2116845894e-01 2.2091397694e+03 
3.5125816230e-05 8.1077558199e-01 2.2853562399e+03 
1.3381261008e-05 8.0239779728e-01 2.3876523970e+03 
3.3849335505e-05 6.4062939405e-01 2.0508060391e+03 
2.0164265801e-04 7.2614315617e-01 2.1847377706e+03 
2.9683567690e-05 7.0621817184e-01 2.1606754904e+03 
4.6404076638e-05 7.5406280752e-01 2.2591643773e+03 
5.7535570006e-06 7.9783664637e-01 2.5070208539e+03 
4.1857615491e-05 6.6352868536e-01 2.0919551160e+03 
1.1725415668e-05 7.6926598321e-01 2.2734395849e+03 
5.7548399529e-06 7.7895058031e-01 2.3666437472e+03 
1.2727668058e-05 8.4192949344e-01 2.5070265100e+03 
3.8789733498e-05 7.8823664859e-01 2.2750718987e+03 
2.3758790861e-05 8.1739083201e-01 2.3359631683e+03 
8.5537745612e-06 6.8476106683e-01 1.7289404099e+03 
1.1882851004e-04 7.5193042637e-01 2.2558880395e+03 
5.7688141973e-06 1.0000000000e+00 1.3432804759e+03 
1.0072081461e-04 7.7637179559e-01 2.2701069988e+03 
1.8711426753e-05 7.1961987468e-01 2.1862223881e+03 
1.9575775474e-05 6.3696819827e-01 1.9493473310e+03 
6.5298602260e-06 7.5427507826e-01 2.2597271413e+03 
1.2462646617e-05 8.1934130713e-01 2.4813785214e+03 
3.1555252971e-05 8.6205709582e-01 2.4174176171e+03 
9.0805755001e-06 1.0000000000e+00 1.6481355420e+03 
6.6617387354e-06 1.0000000000e+00 1.4997920399e+03 
6.8986974494e-05 6.5133952333e-01 2.0295231942e+03 
7.2733569866e-05 8.1560963703e-01 2.2866703302e+03 
4.7677652671e-06 1.0000000000e+00 1.3808915589e+03 
2.4770289722e-05 7.9683264243e-01 2.3130984513e+03 
5.0786988580e-05 7.6658112307e-01 2.2104664056e+03 
5.4883073068e-05 7.5882216668e-01 2.2587901810e+03 
1.6309522668e-04 7.5491986591e-01 2.2580492929e+03 
5.8575546919e-06 1.0000000000e+00 1.3287941079e+03 
1.3498418224e-05 7.8367600110e-01 2.3385882529e+03 
3.7554189592e-05 7.6487791036e-01 2.2151459555e+03 
5.8506140074e-05 8.6901317662e-01 2.3623834253e+03 
5.6754762848e-05 8.5366262518e-01 2.2961213926e+03 
1.4351362861e-05 7.9464100131e-01 1.6681707263e+03 
5.4426180537e-05 8.1588132159e-01 2.2919849853e+03 
2.5882885713e-05 8.1522178990e-01 2.3483848481e+03 
1.3387471120e-05 6.6422708002e-01 1.7585579794e+03 
6.0439659372e-06 7.7341078311e-01 2.3438213096e+03 
3.0073670474e-05 7.6231191762e-01 2.2667852787e+03 
3.9526473567e-05 8.0339430337e-01 2.2832899616e+03 
3.5744961329e-05 8.2010243295e-01 2.2941652525e+03 
3.9870952610e-05 8.4027971045e-01 2.3464667194e+03 
1.6523734912e-05 7.7053974117e-01 2.3279373208e+03 
3.0729540394e-05 8.4239969928e-01 2.3487892884e+03 
1.0221451057e-05 1.0000000000e+00 1.6402123832e+03 
1.4172875659e-05 7.6188315569e-01 2.2877412649e+03 
3.8942337157e-05 8.2194986353e-01 2.2883874361e+03 
7.2706062260e-06 5.8579197164e-01 1.7793600453e+03 
8.8868734130e-05 8.4769195667e-01 2.3030040668e+03 
8.8089458334e-06 1.0000000000e+00 1.0720213858e+03 
4.3847153846e-05 6.6532491803e-01 2.1243543981e+03 
4.7023612494e-05 7.8044073366e-01 2.2756199470e+03 
8.1217055247e-05 8.1550345304e-01 2.2865193882e+03 
3.6874575342e-05 8.0991263274e-01 2.2861316111e+03 
2.9321211665e-05 7.9977195731e-01 2.3628153204e+03 
3.4790822667e-05 8.1315423694e-01 2.2844843193e+03 
8.6969502908e-06 7.6551350974e-01 2.2924117079e+03 
4.4502730283e-06 1.0000000000e+00 1.1884033619e+03 
1.2508237343e-05 6.2851479907e-01 1.9025740687e+03 
1.0275638546e-05 7.6758426548e-01 2.2892931947e+03 
2.5105900579e-05 7.7747207800e-01 2.2861687839e+03 
5.7831714938e-05 8.2676446149e-01 2.2879864943e+03 
5.5773914113e-05 1.0000000000e+00 1.5486284072e+03 
7.5197859000e-05 8.4413028081e-01 2.2963785360e+03 
3.9460279970e-05 7.7419062885e-01 2.2571067305e+03 
8.1612742298e-05 8.8979491454e-01 2.3421711922e+03 
1.6156243778e-04 1.0000000000e+00 3.0000000000e+02 
1.6240626414e-05 6.9158621209e-01 2.1645646385e+03 
1.0477752705e-05 6.7620981567e-01 1.7381659051e+03 
1.9306732172e-05 6.6458198554e-01 1.7583507209e+03 
4.0920991153e-06 7.9437525966e-01 2.4860470657e+03 
4.1882915454e-06 8.1424680213e-01 2.5473574763e+03 
2.0472436218e-05 7.7850441999e-01 2.2731294506e+03 
1.4527475558e-05 6.3287789119e-01 1.8072346532e+03 
4.7133311680e-05 6.1817831833e-01 1.9179436837e+03 
2.1172232625e-05 6.3540447970e-01 2.0177480426e+03 
7.8471652297e-06 7.7100491665e-01 2.3072428200e+03 
9.7574577029e-05 8.0764273019e-01 2.2839808329e+03 
2.3408553828e-05 6.4395472271e-01 1.9452967819e+03 
1.3035244685e-05 6.7295576796e-01 2.1525749162e+03 
2.5747104375e-05 6.3742230574e-01 1.8339448973e+03 
3.4126588510e-05 8.0082758560e-01 2.2809524905e+03 
3.4867458871e-06 7.7637881829e-01 2.3625563635e+03 
9.2599137379e-06 1.0000000000e+00 1.6487996709e+03 
8.3371005683e-06 7.8136581989e-01 2.3616988070e+03 
2.9397476794e-05 7.3524408881e-01 2.1958158225e+03 
1.7368750559e-05 7.9734345863e-01 2.3319260078e+03 
4.4369710265e-06 1.0000000000e+00 1.6410702431e+03 
1.0592753879e-04 8.6153194829e-01 2.2990214538e+03 
4.0170935411e-06 7.6425569924e-01 2.2984369326e+03 
7.8229484762e-05 8.5848961549e-01 2.2981396293e+03 
5.5537443802e-05 7.3465236917e-01 2.1910315547e+03 
7.9409891887e-06 8.2915133934e-01 2.5279852625e+03 
9.1004010032e-06 6.5661148340e-01 2.1356924379e+03 
