Radius [m]       Fe Area [frac]    Max Temp [k]    
6.7258705640e-05 7.3892604802e-01 2.3333252548e+03 
3.6428820799e-05 7.5074191400e-01 2.3396653812e+03 
1.8929479981e-05 6.6910727110e-01 2.2974250149e+03 
3.2074438003e-05 7.1869855159e-01 2.3254481731e+03 
1.0927500934e-04 8.3017651325e-01 2.3615081001e+03 
2.6932574038e-05 4.5782580350e-01 1.7878315504e+03 
2.2641702379e-05 4.6114665842e-01 1.8736139081e+03 
6.4954410121e-05 8.4401547843e-01 2.3960571430e+03 
1.7314399194e-05 1.0000000000e+00 1.5951771721e+03 
-1.0000000000e+00 -1.0000000000e+00 -1.0000000000e+00 
2.7317222309e-05 6.1142390395e-01 2.2052766820e+03 
1.4582196675e-05 4.9768113898e-01 1.7601278794e+03 
9.8560555234e-06 4.7351357234e-01 1.8380114727e+03 
1.1960239249e-05 6.9172042804e-01 2.3192348751e+03 
7.9701452876e-05 8.4927830601e-01 2.3674959377e+03 
1.5268039680e-05 4.6075862930e-01 1.7901482166e+03 
3.5811484372e-05 4.5557424181e-01 1.8020341770e+03 
1.3411730648e-05 6.8447486409e-01 2.3633406653e+03 
2.1295889608e-05 1.0000000000e+00 3.0000000000e+02 
4.5810555737e-05 8.1096208712e-01 2.4015786938e+03 
6.7985797005e-05 7.3653730440e-01 2.3201618319e+03 
2.4558179266e-05 5.0962712907e-01 2.0383840804e+03 
8.5143790671e-05 8.3393987978e-01 2.3618028700e+03 
1.2028830052e-04 7.8311158560e-01 2.3494579338e+03 
1.4487651692e-05 4.4283956426e-01 1.8068752917e+03 
4.8742759500e-05 7.7618459449e-01 2.3757928280e+03 
4.2408922222e-05 5.0301426886e-01 1.9899376945e+03 
2.3469596132e-05 6.6795966498e-01 2.2486200310e+03 
1.5618626384e-05 4.8004429976e-01 2.1053502741e+03 
2.0481848565e-05 6.8393881041e-01 2.2872228558e+03 
3.7963431071e-05 7.6935603946e-01 2.3454475750e+03 
7.6855779398e-06 1.0000000000e+00 1.1867129434e+03 
7.0469801877e-05 7.3753181824e-01 2.3355997724e+03 
8.3213599464e-06 1.0000000000e+00 1.5043410185e+03 
2.1234011767e-05 1.0000000000e+00 1.6346584571e+03 
8.5648533180e-05 7.5927530443e-01 2.3402039408e+03 
3.3856519459e-05 4.9179622616e-01 1.9163399961e+03 
1.0490046486e-05 6.0564186826e-01 2.2816281068e+03 
2.4993206937e-05 7.5561553097e-01 2.3548286817e+03 
7.0560442502e-06 1.0000000000e+00 1.5503008431e+03 
6.6402853302e-06 1.0000000000e+00 1.2011171005e+03 
2.8935043915e-05 7.6399711750e-01 2.3535905744e+03 
7.8427989063e-06 7.8032745336e-01 1.6521302348e+03 
1.9486224532e-05 7.5650447999e-01 2.3649093183e+03 
2.9593685327e-06 1.0000000000e+00 1.3739827421e+03 
3.6459263102e-05 7.2311690158e-01 2.3162893725e+03 
2.6795824249e-05 6.4585566252e-01 2.2801819865e+03 
1.4529420199e-05 7.3054960001e-01 2.3440910438e+03 
2.4590103255e-05 4.4381119665e-01 1.8028207253e+03 
4.2074630511e-05 6.8399531991e-01 2.2891175030e+03 
5.2365589986e-05 7.3953732611e-01 2.3184917467e+03 
3.3398629871e-05 6.7281251729e-01 2.2507464174e+03 
7.4286103655e-06 4.0511567519e-01 2.0365329179e+03 
7.4752337563e-05 8.0783409271e-01 2.3597918275e+03 
4.5579720230e-05 8.0391524832e-01 2.4013819541e+03 
2.1129171775e-05 6.7175925572e-01 2.2983909241e+03 
1.8275676593e-05 6.9272778013e-01 2.3193776634e+03 
4.3104685495e-05 7.6840402839e-01 2.3454130435e+03 
1.1211483750e-04 8.2043874082e-01 2.3594199577e+03 
5.3967568158e-06 6.8157879165e-01 2.3580009413e+03 
3.0105686244e-05 5.6106579988e-01 2.0670681183e+03 
1.1339731504e-05 7.2825099526e-01 1.6592688030e+03 
2.1224006029e-05 6.3793590423e-01 2.2791897198e+03 
1.1363746513e-05 7.2091366926e-01 2.3356741381e+03 
8.8270197631e-05 8.3778091086e-01 2.3600517049e+03 
5.7879697741e-05 8.1049073142e-01 2.3849418067e+03 
3.1871496404e-05 5.3731398722e-01 1.9601043519e+03 
5.7802700976e-05 8.2699531752e-01 2.3678424853e+03 
3.6656814571e-05 1.0000000000e+00 1.6229430711e+03 
5.3396323120e-05 7.7841750172e-01 2.3671479158e+03 
1.1986602019e-05 8.3168122905e-01 1.6515477085e+03 
1.8080833795e-05 4.7893505800e-01 1.7778231776e+03 
9.7489784843e-05 7.8685864099e-01 2.3527537841e+03 
3.0547061722e-05 5.4518576436e-01 1.9966498941e+03 
8.6724881017e-06 6.2571875113e-01 2.2986243323e+03 
1.5090429536e-05 7.9880267310e-01 2.4837195267e+03 
4.9971455675e-05 6.7552898616e-01 2.2471374607e+03 
5.4091362925e-05 8.1523048396e-01 2.3944785032e+03 
4.1991551123e-05 6.7749736604e-01 2.3053314067e+03 
3.0598396506e-05 5.9699245910e-01 2.1832094493e+03 
1.4070924187e-05 4.9526691170e-01 1.9519212770e+03 
1.7195353086e-05 5.1415768999e-01 1.9571561590e+03 
3.2582723083e-05 7.8590979181e-01 2.3602744999e+03 
5.7064460201e-05 7.7734434725e-01 2.3476885133e+03 
3.5861967992e-05 7.7934707436e-01 2.3453260056e+03 
4.6130704708e-06 7.0894757795e-01 2.4086910346e+03 
3.2896333139e-05 7.0666458909e-01 2.3207520657e+03 
1.3284769064e-04 7.8589882535e-01 2.3515859999e+03 
3.8973070441e-05 5.9568330345e-01 2.1527813707e+03 
8.4290984549e-06 6.5206442354e-01 2.3075528335e+03 
6.8241343821e-05 7.1929443072e-01 2.3077279810e+03 
2.1878893198e-05 5.2197643535e-01 1.9343690001e+03 
9.3027183991e-06 7.2251322456e-01 1.6600092747e+03 
1.9434896664e-05 4.8123659563e-01 1.7757314828e+03 
6.3334710937e-05 8.1684900103e-01 2.3535959342e+03 
6.6256007183e-06 6.7737763363e-01 2.3503099063e+03 
6.4398785875e-05 7.6821126022e-01 2.3463075191e+03 
3.6654606011e-05 5.8073979100e-01 2.1602925480e+03 
3.0126902796e-05 7.5454671492e-01 2.3663399440e+03 
2.3677778196e-05 7.0357189845e-01 2.3217671980e+03 
